Source,Location ID,City,State,Country,Latitude,Longitude,Time Zone,Elevation,Local Time Zone,Clearsky DHI Units,Clearsky DNI Units,Clearsky GHI Units,Dew Point Units,DHI Units,DNI Units,GHI Units,Solar Zenith Angle Units,Temperature Units,Pressure Units,Relative Humidity Units,Precipitable Water Units,Wind Direction Units,Wind Speed,Cloud Type -15,Cloud Type 0,Cloud Type 1,Cloud Type 2,Cloud Type 3,Cloud Type 4,Cloud Type 5,Cloud Type 6,Cloud Type 7,Cloud Type 8,Cloud Type 9,Cloud Type 10,Cloud Type 11,Cloud Type 12,Fill Flag 0,Fill Flag 1,Fill Flag 2,Fill Flag 3,Fill Flag 4,Fill Flag 5,Surface Albedo Units,Version
NSRDB,1008658,-,-,-,27.81,-82.58,0,0,-5,w/m2,w/m2,w/m2,c,w/m2,w/m2,w/m2,Degree,c,mbar,%,cm,Degrees,m/s,N/A,Clear,Probably Clear,Fog,Water,Super-Cooled Water,Mixed,Opaque Ice,Cirrus,Overlapping,Overshooting,Unknown,Dust,Smoke,N/A,Missing Image,Low Irradiance,Exceeds Clearsky,Missing CLoud Properties,Rayleigh Violation,N/A,3.0.6
Year,Month,Day,Hour,Minute,DHI,DNI,Dew Point,Surface Albedo,Wind Speed,Relative Humidity,Temperature,Pressure,
2015,1,1,0,30,0,0,16,0.035,4.5,100,16,1020,N/A
2015,1,1,1,30,0,0,15,0.035,4.2,100,15,1020,N/A
2015,1,1,2,30,0,0,15,0.035,4,100,15,1020,N/A
2015,1,1,3,30,0,0,14,0.035,3.8000000000000003,99.16,15,1020,N/A
2015,1,1,4,30,0,0,14,0.035,3.5,98.05,15,1020,N/A
2015,1,1,5,30,0,0,14,0.035,3.3000000000000003,100,15,1020,N/A
2015,1,1,6,30,0,0,14,0.035,3.2,100,14,1020,N/A
2015,1,1,7,30,0,0,14,0.035,3.4000000000000004,100,14,1020,N/A
2015,1,1,8,30,0,0,14,0.035,3.7,100,14,1020,N/A
2015,1,1,9,30,0,0,14,0.035,3.7,100,14,1020,N/A
2015,1,1,10,30,0,0,14,0.035,3.6,100,14,1020,N/A
2015,1,1,11,30,0,0,14,0.035,3.6,100,14,1020,N/A
2015,1,1,12,30,0,0,14,0.035,3.7,100,14,1020,N/A
2015,1,1,13,30,54,0,14,0.035,3.6,95.66,15,1020,N/A
2015,1,1,14,30,152,35,15,0.035,3.4000000000000004,88.06,17,1020,N/A
2015,1,1,15,30,208,33,16,0.035,3.3000000000000003,90.07000000000001,19,1020,N/A
2015,1,1,16,30,276,87,17,0.035,3.1,84.39,20,1020,N/A
2015,1,1,17,30,298,104,17,0.035,2.8000000000000003,82.8,21,1020,N/A
2015,1,1,18,30,253,386,18,0.035,2.5,84.67,21,1020,N/A
2015,1,1,19,30,227,304,18,0.035,2.2,86.44,21,1020,N/A
2015,1,1,20,30,169,225,18,0.035,1.9000000000000001,87.87,21,1020,N/A
2015,1,1,21,30,93,92,19,0.035,1.5,95.01,20,1020,N/A
2015,1,1,22,30,13,0,19,0.035,1.6,100,20,1020,N/A
2015,1,1,23,30,0,0,18,0.035,2.1,99.44,19,1020,N/A
2015,1,2,0,30,0,0,18,0.035,2.5,99.62,19,1020,N/A
2015,1,2,1,30,0,0,18,0.035,2.5,99.63,19,1020,N/A
2015,1,2,2,30,0,0,18,0.035,2.4000000000000004,100,18,1020,N/A
2015,1,2,3,30,0,0,18,0.035,2.4000000000000004,100,18,1020,N/A
2015,1,2,4,30,0,0,18,0.035,2.4000000000000004,100,18,1020,N/A
2015,1,2,5,30,0,0,18,0.035,2.5,100,18,1020,N/A
2015,1,2,6,30,0,0,17,0.035,2.7,100,18,1020,N/A
2015,1,2,7,30,0,0,17,0.035,2.8000000000000003,100,17,1020,N/A
2015,1,2,8,30,0,0,17,0.035,2.9000000000000004,100,17,1020,N/A
2015,1,2,9,30,0,0,17,0.035,3,100,17,1020,N/A
2015,1,2,10,30,0,0,17,0.035,3,100,17,1020,N/A
2015,1,2,11,30,0,0,17,0.035,3,100,17,1020,N/A
2015,1,2,12,30,0,0,17,0.035,3.2,100,17,1020,N/A
2015,1,2,13,30,41,0,17,0.035,3,97.06,18,1020,N/A
2015,1,2,14,30,152,36,18,0.035,2.5,90.01,20,1020,N/A
2015,1,2,15,30,231,94,19,0.035,2.1,89.88,21,1020,N/A
2015,1,2,16,30,256,45,20,0.035,1.8,88.51,22,1020,N/A
2015,1,2,17,30,280,334,20,0.035,1.7000000000000002,85.21000000000001,23,1020,N/A
2015,1,2,18,30,235,464,20,0.035,1.6,80.46000000000001,24,1020,N/A
2015,1,2,19,30,183,505,20,0.035,1.5,80.07000000000001,24,1020,N/A
2015,1,2,20,30,130,483,20,0.035,1.2000000000000002,79.77,24,1020,N/A
2015,1,2,21,30,93,159,20,0.035,1,85.63,23,1020,N/A
2015,1,2,22,30,18,105,20,0.035,1,90.71000000000001,22,1020,N/A
2015,1,2,23,30,0,0,19,0.035,1.4000000000000001,92.96000000000001,21,1020,N/A
2015,1,3,0,30,0,0,19,0.035,1.8,93.17,21,1020,N/A
2015,1,3,1,30,0,0,19,0.035,2.3000000000000003,93.86,21,1020,N/A
2015,1,3,2,30,0,0,20,0.035,2.7,100,20,1020,N/A
2015,1,3,3,30,0,0,20,0.035,2.9000000000000004,100,20,1020,N/A
2015,1,3,4,30,0,0,20,0.035,3,100,20,1020,N/A
2015,1,3,5,30,0,0,20,0.035,2.9000000000000004,100,20,1020,N/A
2015,1,3,6,30,0,0,20,0.035,2.8000000000000003,100,20,1020,N/A
2015,1,3,7,30,0,0,20,0.035,2.6,100,20,1020,N/A
2015,1,3,8,30,0,0,20,0.035,2.6,100,20,1020,N/A
2015,1,3,9,30,0,0,20,0.035,2.7,100,20,1020,N/A
2015,1,3,10,30,0,0,20,0.035,2.8000000000000003,100,20,1020,N/A
2015,1,3,11,30,0,0,20,0.035,3,100,20,1020,N/A
2015,1,3,12,30,0,0,20,0.035,3.4000000000000004,100,20,1020,N/A
2015,1,3,13,30,79,188,20,0.035,3.5,98.92,21,1020,N/A
2015,1,3,14,30,75,727,21,0.035,3.7,95.94,22,1020,N/A
2015,1,3,15,30,100,773,21,0.035,3.9000000000000004,91.42,23,1020,N/A
2015,1,3,16,30,109,813,21,0.035,3.9000000000000004,85.96000000000001,24,1020,N/A
2015,1,3,17,30,112,824,21,0.035,3.7,80.4,25,1020,N/A
2015,1,3,18,30,108,817,21,0.035,3.5,79.55,25,1020,N/A
2015,1,3,19,30,99,781,21,0.035,3,78.72,25,1020,N/A
2015,1,3,20,30,160,316,20,0.035,2.3000000000000003,83.22,24,1020,N/A
2015,1,3,21,30,94,153,21,0.035,1.5,90.36,23,1020,N/A
2015,1,3,22,30,20,108,21,0.035,1.1,95.13,22,1020,N/A
2015,1,3,23,30,0,0,20,0.035,1.1,98.09,21,1020,N/A
2015,1,4,0,30,0,0,20,0.035,1.1,97.59,21,1020,N/A
2015,1,4,1,30,0,0,20,0.035,1.1,100,21,1020,N/A
2015,1,4,2,30,0,0,20,0.035,1.2000000000000002,100,20,1020,N/A
2015,1,4,3,30,0,0,20,0.035,1.6,100,20,1020,N/A
2015,1,4,4,30,0,0,20,0.035,1.9000000000000001,100,20,1020,N/A
2015,1,4,5,30,0,0,20,0.035,2.2,100,20,1020,N/A
2015,1,4,6,30,0,0,19,0.035,2.3000000000000003,100,19,1020,N/A
2015,1,4,7,30,0,0,19,0.035,2.2,100,19,1020,N/A
2015,1,4,8,30,0,0,19,0.035,2.2,100,19,1020,N/A
2015,1,4,9,30,0,0,19,0.035,2.4000000000000004,100,19,1020,N/A
2015,1,4,10,30,0,0,19,0.035,2.7,100,19,1020,N/A
2015,1,4,11,30,0,0,19,0.035,3.2,100,19,1020,N/A
2015,1,4,12,30,0,0,20,0.035,3.9000000000000004,100,20,1020,N/A
2015,1,4,13,30,62,474,20,0.035,4.3,99.76,21,1020,N/A
2015,1,4,14,30,89,669,21,0.035,4.5,95.91,22,1020,N/A
2015,1,4,15,30,208,364,21,0.035,4.6000000000000005,90.58,23,1020,N/A
2015,1,4,16,30,234,450,21,0.035,4.6000000000000005,84.68,24,1020,N/A
2015,1,4,17,30,256,433,21,0.035,4.5,83.95,25,1020,N/A
2015,1,4,18,30,234,471,21,0.035,4.4,83.42,24,1020,N/A
2015,1,4,19,30,197,458,20,0.035,4,83.08,24,1020,N/A
2015,1,4,20,30,176,171,20,0.035,3.4000000000000004,88.26,23,1020,N/A
2015,1,4,21,30,95,202,21,0.035,2.3000000000000003,94.69,22,1020,N/A
2015,1,4,22,30,21,97,21,0.035,1.4000000000000001,100,21,1020,N/A
2015,1,4,23,30,0,0,21,0.035,1.1,100,21,1020,N/A
2015,1,5,0,30,0,0,20,0.035,1.1,100,21,1020,N/A
2015,1,5,1,30,0,0,20,0.035,1.1,100,20,1020,N/A
2015,1,5,2,30,0,0,20,0.035,1,100,20,1020,N/A
2015,1,5,3,30,0,0,20,0.035,1,100,20,1020,N/A
2015,1,5,4,30,0,0,20,0.035,1,100,20,1020,N/A
2015,1,5,5,30,0,0,20,0.035,1,100,20,1020,N/A
2015,1,5,6,30,0,0,19,0.035,1.1,100,19,1020,N/A
2015,1,5,7,30,0,0,19,0.035,1.2000000000000002,100,19,1020,N/A
2015,1,5,8,30,0,0,19,0.035,1.7000000000000002,100,19,1020,N/A
2015,1,5,9,30,0,0,18,0.035,2.7,100,18,1020,N/A
2015,1,5,10,30,0,0,18,0.035,3.7,100,18,1020,N/A
2015,1,5,11,30,0,0,17,0.035,4.5,100,17,1020,N/A
2015,1,5,12,30,0,0,16,0.035,5.2,96.52,17,1020,N/A
2015,1,5,13,30,5,0,15,0.035,5.6000000000000005,90.09,17,1020,N/A
2015,1,5,14,30,155,46,14,0.035,5.6000000000000005,82.9,17,1020,N/A
2015,1,5,15,30,219,51,13,0.035,5.300000000000001,74.15,18,1020,N/A
2015,1,5,16,30,187,3,13,0.035,4.7,73.72,18,1020,N/A
2015,1,5,17,30,206,7,13,0.035,4.3,70.02,19,1020,N/A
2015,1,5,18,30,186,3,13,0.035,3.9000000000000004,66.81,20,1020,N/A
2015,1,5,19,30,191,483,13,0.035,3.7,67.57000000000001,20,1020,N/A
2015,1,5,20,30,173,229,13,0.035,3.4000000000000004,72.73,20,1020,N/A
2015,1,5,21,30,62,567,14,0.035,3,78.24,19,1020,N/A
2015,1,5,22,30,20,175,14,0.035,3,78.3,18,1020,N/A
2015,1,5,23,30,0,0,13,0.035,3.4000000000000004,81.31,17,1020,N/A
2015,1,6,0,30,0,0,13,0.035,3.7,80.2,17,1020,N/A
2015,1,6,1,30,0,0,13,0.035,3.8000000000000003,84.65,16,1020,N/A
2015,1,6,2,30,0,0,13,0.035,3.9000000000000004,89.32000000000001,15,1020,N/A
2015,1,6,3,30,0,0,13,0.035,3.8000000000000003,88.23,15,1020,N/A
2015,1,6,4,30,0,0,12,0.035,3.8000000000000003,91.71000000000001,14,1020,N/A
2015,1,6,5,30,0,0,12,0.035,3.7,89.2,14,1020,N/A
2015,1,6,6,30,0,0,11,0.035,3.5,93.03,14,1020,N/A
2015,1,6,7,30,0,0,11,0.035,3.2,91.65,13,1020,N/A
2015,1,6,8,30,0,0,11,0.035,2.9000000000000004,91.22,13,1020,N/A
2015,1,6,9,30,0,0,11,0.035,2.5,91.57000000000001,13,1020,N/A
2015,1,6,10,30,0,0,11,0.035,2.3000000000000003,92.34,13,1020,N/A
2015,1,6,11,30,0,0,11,0.035,2.2,93.17,13,1020,N/A
2015,1,6,12,30,0,0,12,0.035,2.2,88.23,14,1020,N/A
2015,1,6,13,30,81,92,12,0.035,2,84.93,15,1020,N/A
2015,1,6,14,30,95,642,13,0.035,1.8,77.8,17,1020,N/A
2015,1,6,15,30,103,762,14,0.035,1.9000000000000001,74.23,19,1020,N/A
2015,1,6,16,30,115,800,15,0.035,2.3000000000000003,75.85000000000001,20,1020,N/A
2015,1,6,17,30,304,122,16,0.035,3.1,75.21000000000001,21,1020,N/A
2015,1,6,18,30,165,0,16,0.035,3.6,76.42,21,1020,N/A
2015,1,6,19,30,241,80,16,0.035,3.8000000000000003,80.60000000000001,20,1020,N/A
2015,1,6,20,30,175,221,16,0.035,3.7,84.22,20,1020,N/A
2015,1,6,21,30,75,0,15,0.035,3.2,87.3,19,1020,N/A
2015,1,6,22,30,11,0,15,0.035,2.6,89.98,17,1020,N/A
2015,1,6,23,30,0,0,14,0.035,2.4000000000000004,92.08,16,1020,N/A
2015,1,7,0,30,0,0,14,0.035,2.3000000000000003,94.92,15,1020,N/A
2015,1,7,1,30,0,0,13,0.035,2.3000000000000003,92.21000000000001,15,1020,N/A
2015,1,7,2,30,0,0,13,0.035,2.3000000000000003,95.84,14,1020,N/A
2015,1,7,3,30,0,0,12,0.035,2.3000000000000003,93.10000000000001,14,1020,N/A
2015,1,7,4,30,0,0,12,0.035,2.4000000000000004,90.17,14,1020,N/A
2015,1,7,5,30,0,0,11,0.035,2.6,93.43,13,1020,N/A
2015,1,7,6,30,0,0,11,0.035,2.8000000000000003,91.51,13,1020,N/A
2015,1,7,7,30,0,0,11,0.035,2.9000000000000004,96.08,12,1020,N/A
2015,1,7,8,30,0,0,11,0.035,2.8000000000000003,94.12,12,1020,N/A
2015,1,7,9,30,0,0,10,0.035,2.8000000000000003,98.14,11,1020,N/A
2015,1,7,10,30,0,0,10,0.035,3,95.65,11,1020,N/A
2015,1,7,11,30,0,0,9,0.035,3.2,92.55,11,1020,N/A
2015,1,7,12,30,0,0,9,0.035,3.4000000000000004,88.68,11,1020,N/A
2015,1,7,13,30,50,627,8,0.035,3.4000000000000004,81.06,13,1020,N/A
2015,1,7,14,30,67,816,8,0.035,3.2,69.54,14,1020,N/A
2015,1,7,15,30,76,902,7,0.035,3.2,60.95,15,1020,N/A
2015,1,7,16,30,230,470,7,0.035,3.1,57.120000000000005,16,1020,N/A
2015,1,7,17,30,83,951,7,0.035,3.3000000000000003,54.86,17,1020,N/A
2015,1,7,18,30,82,939,8,0.035,3.6,56.89,17,1020,N/A
2015,1,7,19,30,78,899,8,0.035,3.9000000000000004,58.51,17,1020,N/A
2015,1,7,20,30,70,819,9,0.035,3.8000000000000003,63.29,16,1020,N/A
2015,1,7,21,30,54,667,9,0.035,3.2,69.17,15,1020,N/A
2015,1,7,22,30,20,278,9,0.035,2.9000000000000004,75.72,14,1020,N/A
2015,1,7,23,30,0,0,9,0.035,3.3000000000000003,74.68,14,1020,N/A
2015,1,8,0,30,0,0,9,0.035,4,74.8,14,1020,N/A
2015,1,8,1,30,0,0,9,0.035,4.7,74.8,14,1020,N/A
2015,1,8,2,30,0,0,9,0.035,5.300000000000001,74.37,14,1020,N/A
2015,1,8,3,30,0,0,9,0.035,6,76.91,13,1020,N/A
2015,1,8,4,30,0,0,8,0.035,6.7,77.71000000000001,12,1020,N/A
2015,1,8,5,30,0,0,6,0.035,7.2,81.38,10,1020,N/A
2015,1,8,6,30,0,0,5,0.035,7.4,80.26,9,1020,N/A
2015,1,8,7,30,0,0,4,0.035,7.300000000000001,84.2,7,1020,N/A
2015,1,8,8,30,0,0,3,0.035,7,81.9,6,1020,N/A
2015,1,8,9,30,0,0,1,0.035,6.800000000000001,79.83,5,1020,N/A
2015,1,8,10,30,0,0,0,0.035,6.800000000000001,79.19,4,1020,N/A
2015,1,8,11,30,0,0,0,0.035,6.800000000000001,81.36,3,1020,N/A
2015,1,8,12,30,0,0,0,0.035,6.9,79.96000000000001,3,1030,N/A
2015,1,8,13,30,48,670,0,0.035,7.1000000000000005,80.55,3,1030,N/A
2015,1,8,14,30,69,834,0,0.035,7.2,74.05,5,1030,N/A
2015,1,8,15,30,85,899,2,0.035,7,71.87,8,1020,N/A
2015,1,8,16,30,227,482,3,0.035,6.6000000000000005,65.63,10,1020,N/A
2015,1,8,17,30,92,947,5,0.035,6.2,62.730000000000004,12,1020,N/A
2015,1,8,18,30,215,529,6,0.035,5.9,62.74,13,1020,N/A
2015,1,8,19,30,91,880,6,0.035,5.6000000000000005,61.63,14,1020,N/A
2015,1,8,20,30,162,342,7,0.035,5.300000000000001,63.86,14,1020,N/A
2015,1,8,21,30,102,205,7,0.035,4.9,70.11,13,1020,N/A
2015,1,8,22,30,22,35,7,0.035,4.800000000000001,76.42,12,1020,N/A
2015,1,8,23,30,0,0,8,0.035,5,77.43,12,1020,N/A
2015,1,9,0,30,0,0,8,0.034,4.800000000000001,83.88,11,1020,N/A
2015,1,9,1,30,0,0,8,0.034,4.4,90.86,11,1020,N/A
2015,1,9,2,30,0,0,8,0.034,4,91.75,10,1020,N/A
2015,1,9,3,30,0,0,8,0.034,3.5,92.17,10,1020,N/A
2015,1,9,4,30,0,0,8,0.034,3.1,98.74000000000001,10,1020,N/A
2015,1,9,5,30,0,0,8,0.034,2.8000000000000003,98.86,9,1020,N/A
2015,1,9,6,30,0,0,8,0.034,2.5,98.87,9,1020,N/A
2015,1,9,7,30,0,0,8,0.034,2.3000000000000003,98.7,9,1020,N/A
2015,1,9,8,30,0,0,8,0.034,2.4000000000000004,98.14,9,1020,N/A
2015,1,9,9,30,0,0,8,0.034,2.4000000000000004,97.81,9,1020,N/A
2015,1,9,10,30,0,0,8,0.034,2.4000000000000004,97.45,9,1020,N/A
2015,1,9,11,30,0,0,8,0.034,2.7,97.35000000000001,9,1020,N/A
2015,1,9,12,30,0,0,8,0.034,3.1,97.8,10,1020,N/A
2015,1,9,13,30,37,0,8,0.034,3.6,92.8,10,1020,N/A
2015,1,9,14,30,131,424,9,0.034,3.9000000000000004,88.05,11,1020,N/A
2015,1,9,15,30,236,189,9,0.034,4.1000000000000005,84.39,12,1020,N/A
2015,1,9,16,30,280,260,9,0.034,4.2,80.66,13,1020,N/A
2015,1,9,17,30,304,242,9,0.034,4.3,82,14,1020,N/A
2015,1,9,18,30,255,413,10,0.034,4.1000000000000005,77.93,14,1020,N/A
2015,1,9,19,30,216,405,10,0.034,3.9000000000000004,78.49,14,1020,N/A
2015,1,9,20,30,182,93,10,0.034,3.5,78.32000000000001,14,1020,N/A
2015,1,9,21,30,75,455,10,0.034,2.9000000000000004,83.46000000000001,13,1020,N/A
2015,1,9,22,30,25,141,10,0.034,2.6,88.21000000000001,12,1020,N/A
2015,1,9,23,30,0,0,9,0.034,2.6,85.72,12,1020,N/A
2015,1,10,0,30,0,0,9,0.034,2.7,84.29,12,1020,N/A
2015,1,10,1,30,0,0,9,0.034,2.8000000000000003,88.35000000000001,11,1020,N/A
2015,1,10,2,30,0,0,8,0.034,2.9000000000000004,86.33,11,1020,N/A
2015,1,10,3,30,0,0,8,0.034,3.2,84.15,11,1020,N/A
2015,1,10,4,30,0,0,7,0.034,3.7,87.24,11,1020,N/A
2015,1,10,5,30,0,0,7,0.034,4.1000000000000005,83.87,10,1020,N/A
2015,1,10,6,30,0,0,6,0.034,4.2,85.31,10,1020,N/A
2015,1,10,7,30,0,0,5,0.034,4.3,81.03,9,1020,N/A
2015,1,10,8,30,0,0,5,0.034,4.3,83.03,8,1020,N/A
2015,1,10,9,30,0,0,5,0.034,4.4,81.41,8,1020,N/A
2015,1,10,10,30,0,0,4,0.034,4.3,81.01,8,1020,N/A
2015,1,10,11,30,0,0,4,0.034,4.3,86.35000000000001,7,1020,N/A
2015,1,10,12,30,0,0,4,0.034,4.5,85.98,7,1020,N/A
2015,1,10,13,30,81,92,4,0.034,4.7,73.23,9,1020,N/A
2015,1,10,14,30,146,335,3,0.034,4.4,66.27,10,1020,N/A
2015,1,10,15,30,211,362,4,0.034,3.9000000000000004,62.52,11,1020,N/A
2015,1,10,16,30,277,278,4,0.034,3.7,57.44,13,1020,N/A
2015,1,10,17,30,257,447,5,0.034,3.7,57.22,14,1020,N/A
2015,1,10,18,30,196,586,6,0.034,3.8000000000000003,57.36,15,1020,N/A
2015,1,10,19,30,95,826,7,0.034,3.9000000000000004,57.370000000000005,16,1020,N/A
2015,1,10,20,30,177,259,8,0.034,3.7,60.97,17,1020,N/A
2015,1,10,21,30,67,578,9,0.034,3.3000000000000003,70.19,16,1020,N/A
2015,1,10,22,30,25,192,10,0.034,3.4000000000000004,72.51,15,1020,N/A
2015,1,10,23,30,0,0,10,0.034,3.9000000000000004,78.94,15,1020,N/A
2015,1,11,0,30,0,0,10,0.034,4.1000000000000005,82.04,14,1020,N/A
2015,1,11,1,30,0,0,11,0.034,4,89.41,14,1020,N/A
2015,1,11,2,30,0,0,11,0.034,3.9000000000000004,90.51,13,1020,N/A
2015,1,11,3,30,0,0,11,0.034,3.8000000000000003,91.52,13,1020,N/A
2015,1,11,4,30,0,0,11,0.034,3.5,98.7,12,1020,N/A
2015,1,11,5,30,0,0,11,0.034,3.3000000000000003,99.72,12,1020,N/A
2015,1,11,6,30,0,0,11,0.034,3.3000000000000003,100,12,1020,N/A
2015,1,11,7,30,0,0,11,0.034,3.6,100,12,1020,N/A
2015,1,11,8,30,0,0,11,0.034,3.7,100,12,1020,N/A
2015,1,11,9,30,0,0,11,0.034,3.3000000000000003,100,12,1020,N/A
2015,1,11,10,30,0,0,11,0.034,3.1,100,12,1020,N/A
2015,1,11,11,30,0,0,11,0.034,3.2,100,12,1020,N/A
2015,1,11,12,30,0,0,13,0.034,3.8000000000000003,100,13,1020,N/A
2015,1,11,13,30,80,159,13,0.034,4.1000000000000005,92.97,15,1020,N/A
2015,1,11,14,30,162,201,14,0.034,4.1000000000000005,87.94,17,1020,N/A
2015,1,11,15,30,237,121,16,0.034,3.8000000000000003,79.73,20,1020,N/A
2015,1,11,16,30,259,370,17,0.034,3.4000000000000004,80.17,21,1020,N/A
2015,1,11,17,30,308,225,18,0.034,3.1,83.13,21,1020,N/A
2015,1,11,18,30,297,213,18,0.034,3,79.75,22,1020,N/A
2015,1,11,19,30,110,762,18,0.034,2.9000000000000004,80.86,22,1020,N/A
2015,1,11,20,30,180,61,18,0.034,2.7,81.93,22,1020,N/A
2015,1,11,21,30,102,225,19,0.034,2.4000000000000004,88.89,21,1020,N/A
2015,1,11,22,30,25,34,18,0.034,2.4000000000000004,93.86,20,1020,N/A
2015,1,11,23,30,0,0,18,0.034,2.7,93.55,20,1020,N/A
2015,1,12,0,30,0,0,19,0.034,2.9000000000000004,100,20,1020,N/A
2015,1,12,1,30,0,0,19,0.034,3,100,19,1020,N/A
2015,1,12,2,30,0,0,19,0.034,2.9000000000000004,100,19,1020,N/A
2015,1,12,3,30,0,0,18,0.034,2.7,100,19,1020,N/A
2015,1,12,4,30,0,0,18,0.034,2.3000000000000003,100,18,1020,N/A
2015,1,12,5,30,0,0,18,0.034,2,100,18,1020,N/A
2015,1,12,6,30,0,0,18,0.034,1.8,100,18,1020,N/A
2015,1,12,7,30,0,0,18,0.034,1.7000000000000002,100,18,1020,N/A
2015,1,12,8,30,0,0,17,0.034,1.7000000000000002,100,18,1020,N/A
2015,1,12,9,30,0,0,17,0.034,1.8,100,18,1020,N/A
2015,1,12,10,30,0,0,17,0.034,1.9000000000000001,100,18,1020,N/A
2015,1,12,11,30,0,0,18,0.034,1.9000000000000001,100,18,1020,N/A
2015,1,12,12,30,0,0,18,0.034,2.2,100,18,1020,N/A
2015,1,12,13,30,54,0,19,0.034,2.4000000000000004,100,19,1020,N/A
2015,1,12,14,30,156,264,19,0.034,2.1,100,20,1020,N/A
2015,1,12,15,30,198,19,20,0.034,2,100,20,1020,N/A
2015,1,12,16,30,137,0,20,0.034,2.1,100,21,1020,N/A
2015,1,12,17,30,27,0,20,0.034,2.1,99.14,21,1020,N/A
2015,1,12,18,30,233,17,21,0.034,1.7000000000000002,100,21,1020,N/A
2015,1,12,19,30,194,10,21,0.034,1.2000000000000002,100,21,1010,N/A
2015,1,12,20,30,51,0,21,0.034,0.9,100,21,1010,N/A
2015,1,12,21,30,23,0,20,0.034,1,100,20,1010,N/A
2015,1,12,22,30,4,0,20,0.034,1.1,100,20,1010,N/A
2015,1,12,23,30,0,0,19,0.034,1.3,100,19,1020,N/A
2015,1,13,0,30,0,0,19,0.034,1.6,100,19,1020,N/A
2015,1,13,1,30,0,0,19,0.034,1.7000000000000002,100,19,1020,N/A
2015,1,13,2,30,0,0,18,0.034,1.6,100,19,1020,N/A
2015,1,13,3,30,0,0,18,0.034,1.3,100,18,1020,N/A
2015,1,13,4,30,0,0,18,0.034,1,100,18,1010,N/A
2015,1,13,5,30,0,0,18,0.034,0.9,100,18,1010,N/A
2015,1,13,6,30,0,0,18,0.034,0.9,100,18,1010,N/A
2015,1,13,7,30,0,0,17,0.034,1,100,17,1010,N/A
2015,1,13,8,30,0,0,17,0.034,1.1,100,17,1010,N/A
2015,1,13,9,30,0,0,17,0.034,1.2000000000000002,100,17,1010,N/A
2015,1,13,10,30,0,0,17,0.034,1.5,100,17,1010,N/A
2015,1,13,11,30,0,0,17,0.034,1.8,100,17,1020,N/A
2015,1,13,12,30,0,0,17,0.034,2.4000000000000004,100,17,1020,N/A
2015,1,13,13,30,82,103,17,0.034,2.7,100,18,1020,N/A
2015,1,13,14,30,93,630,17,0.034,2.4000000000000004,92.83,19,1020,N/A
2015,1,13,15,30,92,781,18,0.034,2.1,89.24,20,1020,N/A
2015,1,13,16,30,228,470,18,0.034,1.9000000000000001,85.63,21,1020,N/A
2015,1,13,17,30,273,406,18,0.034,1.6,86.86,21,1010,N/A
2015,1,13,18,30,255,431,18,0.034,1.4000000000000001,82.13,22,1010,N/A
2015,1,13,19,30,215,432,18,0.034,1.4000000000000001,82.43,22,1010,N/A
2015,1,13,20,30,190,116,18,0.034,1.5,87.58,21,1010,N/A
2015,1,13,21,30,98,284,19,0.034,1.5,94.10000000000001,20,1010,N/A
2015,1,13,22,30,27,64,18,0.034,1.6,99.65,20,1010,N/A
2015,1,13,23,30,0,0,18,0.034,2,96.57000000000001,19,1010,N/A
2015,1,14,0,30,0,0,18,0.034,2.4000000000000004,95.54,19,1010,N/A
2015,1,14,1,30,0,0,18,0.034,2.6,94.8,19,1020,N/A
2015,1,14,2,30,0,0,18,0.034,2.6,100,18,1020,N/A
2015,1,14,3,30,0,0,18,0.034,2.7,100,18,1010,N/A
2015,1,14,4,30,0,0,17,0.034,2.8000000000000003,100,17,1010,N/A
2015,1,14,5,30,0,0,17,0.034,2.9000000000000004,100,17,1010,N/A
2015,1,14,6,30,0,0,16,0.034,2.9000000000000004,100,17,1010,N/A
2015,1,14,7,30,0,0,16,0.034,3,100,16,1010,N/A
2015,1,14,8,30,0,0,16,0.034,3,100,16,1010,N/A
2015,1,14,9,30,0,0,15,0.034,2.9000000000000004,100,15,1010,N/A
2015,1,14,10,30,0,0,15,0.034,2.9000000000000004,100,15,1010,N/A
2015,1,14,11,30,0,0,15,0.034,3.2,100,15,1020,N/A
2015,1,14,12,30,0,0,14,0.034,3.7,99.25,15,1020,N/A
2015,1,14,13,30,18,0,14,0.034,3.9000000000000004,93.45,16,1020,N/A
2015,1,14,14,30,84,0,15,0.034,3.8000000000000003,89.64,17,1020,N/A
2015,1,14,15,30,209,29,15,0.034,3.6,87.16,18,1020,N/A
2015,1,14,16,30,219,13,16,0.034,3.3000000000000003,83.92,19,1020,N/A
2015,1,14,17,30,309,96,16,0.034,3.2,84.55,19,1010,N/A
2015,1,14,18,30,290,73,16,0.034,3.2,84.72,19,1010,N/A
2015,1,14,19,30,248,68,16,0.034,3.1,84.83,19,1010,N/A
2015,1,14,20,30,171,340,16,0.034,2.9000000000000004,84.57000000000001,19,1010,N/A
2015,1,14,21,30,108,153,16,0.034,2.5,89.52,18,1010,N/A
2015,1,14,22,30,27,23,16,0.034,2.2,94.41,17,1010,N/A
2015,1,14,23,30,0,0,15,0.034,2.3000000000000003,92.89,17,1020,N/A
2015,1,15,0,30,0,0,15,0.034,2.4000000000000004,97.94,16,1020,N/A
2015,1,15,1,30,0,0,15,0.034,2.6,96.9,16,1020,N/A
2015,1,15,2,30,0,0,15,0.034,2.9000000000000004,95.65,16,1020,N/A
2015,1,15,3,30,0,0,15,0.034,3.2,100,15,1020,N/A
2015,1,15,4,30,0,0,14,0.034,3.2,100,14,1020,N/A
2015,1,15,5,30,0,0,14,0.034,3.1,100,14,1020,N/A
2015,1,15,6,30,0,0,13,0.034,3.1,100,13,1020,N/A
2015,1,15,7,30,0,0,12,0.034,3.4000000000000004,99.51,13,1020,N/A
2015,1,15,8,30,0,0,12,0.034,3.6,96.58,13,1020,N/A
2015,1,15,9,30,0,0,11,0.034,3.4000000000000004,100,12,1010,N/A
2015,1,15,10,30,0,0,11,0.034,2.9000000000000004,98.34,12,1020,N/A
2015,1,15,11,30,0,0,11,0.034,2.5,97.16,12,1020,N/A
2015,1,15,12,30,0,0,11,0.034,2.6,96.61,12,1020,N/A
2015,1,15,13,30,46,0,11,0.034,2.5,91.26,13,1020,N/A
2015,1,15,14,30,91,0,11,0.034,2.1,93.59,14,1020,N/A
2015,1,15,15,30,118,0,12,0.034,1.7000000000000002,91.17,15,1020,N/A
2015,1,15,16,30,113,0,13,0.034,1.7000000000000002,88.46000000000001,15,1020,N/A
2015,1,15,17,30,170,0,13,0.034,1.8,90.75,16,1020,N/A
2015,1,15,18,30,126,0,13,0.034,1.7000000000000002,86.07000000000001,16,1010,N/A
2015,1,15,19,30,108,0,13,0.034,1.6,86.84,16,1010,N/A
2015,1,15,20,30,90,0,13,0.034,1.6,87.57000000000001,16,1010,N/A
2015,1,15,21,30,30,0,14,0.034,1.8,93.92,15,1010,N/A
2015,1,15,22,30,5,0,14,0.034,2.2,94.69,15,1010,N/A
2015,1,15,23,30,0,0,14,0.034,2.9000000000000004,100,14,1020,N/A
2015,1,16,0,30,0,0,13,0.034,3.6,100,14,1020,N/A
2015,1,16,1,30,0,0,13,0.034,3.7,100,13,1020,N/A
2015,1,16,2,30,0,0,11,0.034,3.3000000000000003,100,13,1020,N/A
2015,1,16,3,30,0,0,11,0.034,2.7,100,12,1010,N/A
2015,1,16,4,30,0,0,11,0.034,1.9000000000000001,98.97,12,1010,N/A
2015,1,16,5,30,0,0,11,0.034,1.5,97.45,12,1010,N/A
2015,1,16,6,30,0,0,11,0.034,1.8,97.13,13,1010,N/A
2015,1,16,7,30,0,0,11,0.034,2.7,97.59,13,1010,N/A
2015,1,16,8,30,0,0,11,0.034,3.4000000000000004,98.09,12,1010,N/A
2015,1,16,9,30,0,0,11,0.034,3.6,97.73,12,1010,N/A
2015,1,16,10,30,0,0,11,0.034,3.5,96.61,12,1010,N/A
2015,1,16,11,30,0,0,11,0.034,3.6,94.97,12,1020,N/A
2015,1,16,12,30,0,0,10,0.034,4,93.25,12,1020,N/A
2015,1,16,13,30,77,12,10,0.034,4.3,91.94,12,1020,N/A
2015,1,16,14,30,165,191,10,0.034,4.3,85.76,13,1020,N/A
2015,1,16,15,30,215,364,10,0.034,4.1000000000000005,81.27,14,1020,N/A
2015,1,16,16,30,104,860,11,0.034,4,78.06,15,1020,N/A
2015,1,16,17,30,271,425,11,0.034,4.1000000000000005,75.12,16,1020,N/A
2015,1,16,18,30,98,896,11,0.034,4.3,76.15,16,1020,N/A
2015,1,16,19,30,91,872,11,0.034,4.2,76.2,17,1010,N/A
2015,1,16,20,30,79,814,11,0.034,4,75.61,16,1010,N/A
2015,1,16,21,30,61,686,11,0.034,3.4000000000000004,79.95,15,1020,N/A
2015,1,16,22,30,28,348,11,0.034,2.7,90.35000000000001,13,1020,N/A
2015,1,16,23,30,0,0,11,0.034,2.6,88.17,13,1020,N/A
2015,1,17,0,30,0,0,10,0.031,2.6,93.56,12,1020,N/A
2015,1,17,1,30,0,0,10,0.031,2.6,93.5,12,1020,N/A
2015,1,17,2,30,0,0,11,0.031,2.8000000000000003,100,12,1020,N/A
2015,1,17,3,30,0,0,11,0.031,2.9000000000000004,100,11,1020,N/A
2015,1,17,4,30,0,0,9,0.031,3,100,11,1020,N/A
2015,1,17,5,30,0,0,9,0.031,3,100,10,1020,N/A
2015,1,17,6,30,0,0,9,0.031,2.9000000000000004,100,10,1020,N/A
2015,1,17,7,30,0,0,9,0.031,2.8000000000000003,100,9,1020,N/A
2015,1,17,8,30,0,0,9,0.031,2.8000000000000003,100,9,1020,N/A
2015,1,17,9,30,0,0,8,0.031,2.8000000000000003,99.01,9,1020,N/A
2015,1,17,10,30,0,0,8,0.031,3,96.31,9,1020,N/A
2015,1,17,11,30,0,0,8,0.031,3.1,94.92,9,1020,N/A
2015,1,17,12,30,0,0,8,0.031,3.3000000000000003,88.9,10,1020,N/A
2015,1,17,13,30,55,595,8,0.031,3.3000000000000003,86.52,11,1020,N/A
2015,1,17,14,30,75,779,9,0.031,3.1,80.59,13,1020,N/A
2015,1,17,15,30,83,871,11,0.031,3,72.39,16,1020,N/A
2015,1,17,16,30,91,904,12,0.031,2.8000000000000003,72.84,17,1020,N/A
2015,1,17,17,30,96,912,12,0.031,2.4000000000000004,70.07000000000001,18,1020,N/A
2015,1,17,18,30,96,898,12,0.031,1.9000000000000001,67.61,19,1020,N/A
2015,1,17,19,30,91,864,12,0.031,1.3,63.84,20,1010,N/A
2015,1,17,20,30,179,322,12,0.031,0.7000000000000001,63.2,20,1010,N/A
2015,1,17,21,30,108,230,13,0.031,0.30000000000000004,71.45,19,1010,N/A
2015,1,17,22,30,30,291,13,0.031,0.4,80.94,17,1010,N/A
2015,1,17,23,30,0,0,13,0.031,0.5,77.36,17,1020,N/A
2015,1,18,0,30,0,0,13,0.031,0.6000000000000001,83.79,16,1020,N/A
2015,1,18,1,30,0,0,13,0.031,0.6000000000000001,90.87,16,1020,N/A
2015,1,18,2,30,0,0,13,0.031,0.4,92.02,15,1010,N/A
2015,1,18,3,30,0,0,13,0.031,0.2,98.76,14,1010,N/A
2015,1,18,4,30,0,0,13,0.031,0.6000000000000001,98.83,14,1010,N/A
2015,1,18,5,30,0,0,13,0.031,1.3,100,14,1010,N/A
2015,1,18,6,30,0,0,13,0.031,1.8,100,14,1010,N/A
2015,1,18,7,30,0,0,13,0.031,2.1,100,14,1010,N/A
2015,1,18,8,30,0,0,13,0.031,2.4000000000000004,99.77,14,1010,N/A
2015,1,18,9,30,0,0,13,0.031,2.6,99.43,14,1010,N/A
2015,1,18,10,30,0,0,13,0.031,2.7,99.08,14,1020,N/A
2015,1,18,11,30,0,0,13,0.031,2.7,98.54,14,1020,N/A
2015,1,18,12,30,0,0,13,0.031,2.9000000000000004,98.41,14,1020,N/A
2015,1,18,13,30,34,0,14,0.031,3.2,94.88,16,1020,N/A
2015,1,18,14,30,161,256,14,0.031,3.3000000000000003,84.24,17,1020,N/A
2015,1,18,15,30,159,580,14,0.031,3.2,78.72,18,1020,N/A
2015,1,18,16,30,298,181,14,0.031,3.1,78.62,18,1020,N/A
2015,1,18,17,30,253,483,14,0.031,3.2,79.23,18,1020,N/A
2015,1,18,18,30,269,409,14,0.031,3.4000000000000004,75.17,19,1010,N/A
2015,1,18,19,30,267,129,14,0.031,3.3000000000000003,75.25,19,1010,N/A
2015,1,18,20,30,197,97,14,0.031,2.8000000000000003,79.93,18,1010,N/A
2015,1,18,21,30,57,711,14,0.031,2.2,85.2,17,1010,N/A
2015,1,18,22,30,28,378,14,0.031,1.9000000000000001,90.95,16,1020,N/A
2015,1,18,23,30,0,0,14,0.031,2,95.86,15,1020,N/A
2015,1,19,0,30,0,0,14,0.031,2.1,96.07000000000001,15,1020,N/A
2015,1,19,1,30,0,0,14,0.031,2.1,100,14,1020,N/A
2015,1,19,2,30,0,0,13,0.031,2,100,13,1020,N/A
2015,1,19,3,30,0,0,13,0.031,2,100,13,1020,N/A
2015,1,19,4,30,0,0,11,0.031,2,100,12,1020,N/A
2015,1,19,5,30,0,0,11,0.031,2.1,100,12,1020,N/A
2015,1,19,6,30,0,0,11,0.031,2.1,100,11,1020,N/A
2015,1,19,7,30,0,0,11,0.031,2,100,11,1020,N/A
2015,1,19,8,30,0,0,9,0.031,2,100,10,1020,N/A
2015,1,19,9,30,0,0,9,0.031,2.2,100,10,1020,N/A
2015,1,19,10,30,0,0,9,0.031,2.3000000000000003,100,10,1020,N/A
2015,1,19,11,30,0,0,9,0.031,2.4000000000000004,100,10,1020,N/A
2015,1,19,12,30,0,0,8,0.031,3,90.68,10,1020,N/A
2015,1,19,13,30,44,717,8,0.031,3,77.18,12,1020,N/A
2015,1,19,14,30,58,886,7,0.031,2.8000000000000003,66.63,14,1020,N/A
2015,1,19,15,30,67,960,7,0.031,2.9000000000000004,55.45,16,1020,N/A
2015,1,19,16,30,226,508,5,0.031,2.8000000000000003,46.38,17,1020,N/A
2015,1,19,17,30,73,1012,4,0.031,2.5,42.28,18,1020,N/A
2015,1,19,18,30,75,998,5,0.031,2.1,43.36,19,1020,N/A
2015,1,19,19,30,142,688,6,0.031,1.8,43.050000000000004,19,1010,N/A
2015,1,19,20,30,66,903,7,0.031,1.5,49.35,18,1010,N/A
2015,1,19,21,30,86,453,8,0.031,1.1,58.45,17,1010,N/A
2015,1,19,22,30,28,433,8,0.031,0.9,62.410000000000004,16,1020,N/A
2015,1,19,23,30,0,0,7,0.031,1,61.63,15,1020,N/A
2015,1,20,0,30,0,0,8,0.031,1,63.59,15,1020,N/A
2015,1,20,1,30,0,0,8,0.031,1.2000000000000002,68.09,14,1020,N/A
2015,1,20,2,30,0,0,8,0.031,1.4000000000000001,67.28,14,1020,N/A
2015,1,20,3,30,0,0,8,0.031,1.6,71.81,13,1010,N/A
2015,1,20,4,30,0,0,8,0.031,1.7000000000000002,74.62,13,1010,N/A
2015,1,20,5,30,0,0,9,0.031,1.7000000000000002,78.5,13,1010,N/A
2015,1,20,6,30,0,0,10,0.031,1.8,87.95,12,1010,N/A
2015,1,20,7,30,0,0,10,0.031,1.9000000000000001,91.8,12,1010,N/A
2015,1,20,8,30,0,0,11,0.031,2,95.25,12,1010,N/A
2015,1,20,9,30,0,0,11,0.031,1.9000000000000001,97.73,12,1010,N/A
2015,1,20,10,30,0,0,11,0.031,1.8,99.67,12,1010,N/A
2015,1,20,11,30,0,0,11,0.031,1.7000000000000002,100,12,1010,N/A
2015,1,20,12,30,0,0,12,0.031,1.7000000000000002,96.39,13,1010,N/A
2015,1,20,13,30,10,0,12,0.031,1.8,92.61,14,1010,N/A
2015,1,20,14,30,80,0,13,0.031,1.8,89.08,15,1010,N/A
2015,1,20,15,30,242,94,13,0.031,1.6,81.49,17,1010,N/A
2015,1,20,16,30,302,172,14,0.031,1.8,75.31,19,1010,N/A
2015,1,20,17,30,206,6,14,0.031,1.9000000000000001,71.74,20,1010,N/A
2015,1,20,18,30,115,0,14,0.031,1.8,72.2,20,1010,N/A
2015,1,20,19,30,149,0,14,0.031,1.5,68.19,21,1010,N/A
2015,1,20,20,30,138,0,14,0.031,1.2000000000000002,72.89,20,1010,N/A
2015,1,20,21,30,106,9,15,0.031,0.9,79.02,19,1010,N/A
2015,1,20,22,30,30,315,15,0.031,0.8,91.26,17,1010,N/A
2015,1,20,23,30,0,0,14,0.031,0.8,87.92,17,1010,N/A
2015,1,21,0,30,0,0,14,0.031,0.7000000000000001,87.9,17,1010,N/A
2015,1,21,1,30,0,0,14,0.031,0.6000000000000001,87.97,17,1010,N/A
2015,1,21,2,30,0,0,15,0.031,0.5,93.81,16,1010,N/A
2015,1,21,3,30,0,0,14,0.031,0.6000000000000001,93.33,16,1010,N/A
2015,1,21,4,30,0,0,14,0.031,0.7000000000000001,92.62,16,1010,N/A
2015,1,21,5,30,0,0,14,0.031,0.8,97.94,15,1010,N/A
2015,1,21,6,30,0,0,14,0.031,1,97.07000000000001,15,1010,N/A
2015,1,21,7,30,0,0,14,0.031,1.3,100,14,1010,N/A
2015,1,21,8,30,0,0,14,0.031,1.5,100,14,1010,N/A
2015,1,21,9,30,0,0,13,0.031,1.6,100,13,1010,N/A
2015,1,21,10,30,0,0,13,0.031,1.6,100,13,1010,N/A
2015,1,21,11,30,0,0,13,0.031,1.7000000000000002,100,13,1010,N/A
2015,1,21,12,30,0,0,13,0.031,2,98.55,14,1010,N/A
2015,1,21,13,30,53,579,14,0.031,2,88.48,16,1010,N/A
2015,1,21,14,30,72,765,14,0.031,1.5,80.79,18,1010,N/A
2015,1,21,15,30,82,855,15,0.031,1.2000000000000002,74.94,20,1010,N/A
2015,1,21,16,30,87,900,15,0.031,1.2000000000000002,71.62,21,1010,N/A
2015,1,21,17,30,90,915,15,0.031,1.1,71.02,22,1010,N/A
2015,1,21,18,30,85,918,15,0.031,1.2000000000000002,66.52,22,1010,N/A
2015,1,21,19,30,82,885,15,0.031,1.5,66.99,22,1010,N/A
2015,1,21,20,30,74,818,15,0.031,1.6,72.13,21,1010,N/A
2015,1,21,21,30,60,686,16,0.031,1.4000000000000001,78.39,20,1010,N/A
2015,1,21,22,30,30,368,16,0.031,1.4000000000000001,90.41,18,1010,N/A
2015,1,21,23,30,0,0,15,0.031,1.5,91.29,17,1010,N/A
2015,1,22,0,30,0,0,15,0.031,1.6,91.13,17,1010,N/A
2015,1,22,1,30,0,0,15,0.031,1.6,96.72,16,1010,N/A
2015,1,22,2,30,0,0,15,0.031,1.7000000000000002,96.44,16,1010,N/A
2015,1,22,3,30,0,0,15,0.031,1.8,100,15,1010,N/A
2015,1,22,4,30,0,0,15,0.031,1.9000000000000001,100,15,1010,N/A
2015,1,22,5,30,0,0,15,0.031,2,100,15,1010,N/A
2015,1,22,6,30,0,0,14,0.031,2,100,14,1010,N/A
2015,1,22,7,30,0,0,14,0.031,1.9000000000000001,100,14,1010,N/A
2015,1,22,8,30,0,0,14,0.031,1.7000000000000002,100,14,1010,N/A
2015,1,22,9,30,0,0,14,0.031,1.7000000000000002,100,14,1010,N/A
2015,1,22,10,30,0,0,14,0.031,1.8,100,14,1020,N/A
2015,1,22,11,30,0,0,14,0.031,2,100,14,1020,N/A
2015,1,22,12,30,0,0,15,0.031,2.7,100,15,1020,N/A
2015,1,22,13,30,85,151,15,0.031,3.2,92.02,17,1020,N/A
2015,1,22,14,30,155,321,16,0.031,2.9000000000000004,84.18,19,1020,N/A
2015,1,22,15,30,243,242,16,0.031,2.6,82.06,20,1020,N/A
2015,1,22,16,30,273,370,17,0.031,2.4000000000000004,79.33,21,1020,N/A
2015,1,22,17,30,108,862,17,0.031,2.2,80.07000000000001,21,1020,N/A
2015,1,22,18,30,274,412,17,0.031,2.2,75.45,22,1010,N/A
2015,1,22,19,30,231,425,17,0.031,2.3000000000000003,75.49,22,1010,N/A
2015,1,22,20,30,204,120,17,0.031,2.3000000000000003,75.74,22,1010,N/A
2015,1,22,21,30,10,0,17,0.031,2.2,82.39,21,1010,N/A
2015,1,22,22,30,2,0,17,0.031,2.7,85.96000000000001,20,1010,N/A
2015,1,22,23,30,0,0,17,0.031,3.6,83.86,20,1020,N/A
2015,1,23,0,30,0,0,17,0.031,4.3,89.03,19,1020,N/A
2015,1,23,1,30,0,0,17,0.031,4.5,89.03,19,1020,N/A
2015,1,23,2,30,0,0,17,0.031,4.5,89.29,19,1020,N/A
2015,1,23,3,30,0,0,17,0.031,4.5,89.84,19,1020,N/A
2015,1,23,4,30,0,0,17,0.031,4.4,96.46000000000001,18,1020,N/A
2015,1,23,5,30,0,0,17,0.031,4.2,97.34,18,1020,N/A
2015,1,23,6,30,0,0,17,0.031,4.1000000000000005,97.92,18,1010,N/A
2015,1,23,7,30,0,0,17,0.031,3.9000000000000004,98.23,18,1010,N/A
2015,1,23,8,30,0,0,17,0.031,3.8000000000000003,98.27,18,1010,N/A
2015,1,23,9,30,0,0,17,0.031,4,100,17,1010,N/A
2015,1,23,10,30,0,0,17,0.031,4.2,100,17,1010,N/A
2015,1,23,11,30,0,0,17,0.031,4.5,100,17,1010,N/A
2015,1,23,12,30,5,0,17,0.031,4.800000000000001,100,18,1010,N/A
2015,1,23,13,30,85,46,17,0.031,5.2,93.33,19,1010,N/A
2015,1,23,14,30,138,431,18,0.031,5.800000000000001,89.53,20,1010,N/A
2015,1,23,15,30,200,460,18,0.031,6,84.83,21,1010,N/A
2015,1,23,16,30,305,128,18,0.031,5.7,80.11,22,1010,N/A
2015,1,23,17,30,331,168,18,0.031,5.300000000000001,80.24,22,1010,N/A
2015,1,23,18,30,311,267,18,0.031,5.2,80.55,22,1010,N/A
2015,1,23,19,30,234,422,18,0.031,5.1000000000000005,80.96000000000001,22,1010,N/A
2015,1,23,20,30,200,69,18,0.031,4.9,86.46000000000001,21,1010,N/A
2015,1,23,21,30,121,154,18,0.031,4.6000000000000005,87.01,21,1010,N/A
2015,1,23,22,30,36,11,18,0.031,4.6000000000000005,92.78,20,1010,N/A
2015,1,23,23,30,0,0,18,0.031,4.7,93.17,20,1010,N/A
2015,1,24,0,30,0,0,18,0.031,5.1000000000000005,93.97,20,1010,N/A
2015,1,24,1,30,0,0,19,0.031,5.5,94.67,20,1010,N/A
2015,1,24,2,30,0,0,19,0.031,5.7,95.24,20,1010,N/A
2015,1,24,3,30,0,0,19,0.031,5.9,95.73,20,1010,N/A
2015,1,24,4,30,0,0,19,0.031,6.2,96.19,20,1010,N/A
2015,1,24,5,30,0,0,19,0.031,6.800000000000001,97.08,20,1010,N/A
2015,1,24,6,30,0,0,19,0.031,7.1000000000000005,98.84,20,1010,N/A
2015,1,24,7,30,0,0,20,0.031,6.7,100,20,1010,N/A
2015,1,24,8,30,0,0,20,0.031,5.800000000000001,100,20,1010,N/A
2015,1,24,9,30,0,0,19,0.031,5.800000000000001,100,19,1010,N/A
2015,1,24,10,30,0,0,18,0.031,6.800000000000001,100,18,1010,N/A
2015,1,24,11,30,0,0,17,0.031,7.800000000000001,100,17,1010,N/A
2015,1,24,12,30,0,0,15,0.031,8.3,98.74000000000001,17,1010,N/A
2015,1,24,13,30,16,0,14,0.031,8.6,91.7,16,1010,N/A
2015,1,24,14,30,86,0,13,0.031,8.3,85.19,16,1010,N/A
2015,1,24,15,30,245,245,12,0.031,7.800000000000001,80.48,16,1010,N/A
2015,1,24,16,30,126,829,12,0.031,7.5,78.31,17,1010,N/A
2015,1,24,17,30,122,874,11,0.031,7.4,77.11,16,1010,N/A
2015,1,24,18,30,315,254,11,0.031,7.300000000000001,75.83,16,1010,N/A
2015,1,24,19,30,261,60,11,0.031,7,78.87,16,1010,N/A
2015,1,24,20,30,201,69,10,0.031,6.4,76.51,15,1010,N/A
2015,1,24,21,30,84,0,10,0.031,5.5,79.33,14,1010,N/A
2015,1,24,22,30,36,377,10,0.031,4.4,83.02,13,1010,N/A
2015,1,24,23,30,0,0,9,0.031,3.7,87.36,12,1010,N/A
2015,1,25,0,30,0,0,9,0.03,3.5,85.85000000000001,12,1010,N/A
2015,1,25,1,30,0,0,9,0.03,3.4000000000000004,84.18,12,1010,N/A
2015,1,25,2,30,0,0,9,0.03,3.1,87.92,11,1010,N/A
2015,1,25,3,30,0,0,8,0.03,2.9000000000000004,85.84,11,1010,N/A
2015,1,25,4,30,0,0,8,0.03,2.8000000000000003,84.27,11,1010,N/A
2015,1,25,5,30,0,0,8,0.03,2.7,82.99,11,1010,N/A
2015,1,25,6,30,0,0,8,0.03,2.6,87.41,10,1010,N/A
2015,1,25,7,30,0,0,7,0.03,2.6,86.3,10,1010,N/A
2015,1,25,8,30,0,0,7,0.03,2.5,85.29,10,1010,N/A
2015,1,25,9,30,0,0,7,0.03,2.4000000000000004,90.12,10,1010,N/A
2015,1,25,10,30,0,0,7,0.03,2.3000000000000003,89.62,9,1010,N/A
2015,1,25,11,30,0,0,7,0.03,2.1,88.77,9,1010,N/A
2015,1,25,12,30,11,150,7,0.03,2.2,82.73,10,1010,N/A
2015,1,25,13,30,51,654,7,0.03,2,74.09,12,1010,N/A
2015,1,25,14,30,69,825,7,0.03,1.6,68.45,13,1010,N/A
2015,1,25,15,30,79,904,7,0.03,0.8,63.58,14,1010,N/A
2015,1,25,16,30,85,942,7,0.03,0.6000000000000001,59.620000000000005,15,1010,N/A
2015,1,25,17,30,270,466,7,0.03,1.3,61.14,16,1010,N/A
2015,1,25,18,30,264,462,8,0.03,1.9000000000000001,59.51,16,1010,N/A
2015,1,25,19,30,81,919,8,0.03,2.4000000000000004,62.300000000000004,17,1010,N/A
2015,1,25,20,30,186,358,9,0.03,2.4000000000000004,64.29,16,1010,N/A
2015,1,25,21,30,62,722,9,0.03,2,71.33,15,1010,N/A
2015,1,25,22,30,34,407,10,0.03,1.8,80.2,14,1010,N/A
2015,1,25,23,30,0,0,10,0.03,2,85.23,13,1010,N/A
2015,1,26,0,30,0,0,11,0.03,2.2,88.36,13,1010,N/A
2015,1,26,1,30,0,0,11,0.03,2.4000000000000004,90.88,14,1010,N/A
2015,1,26,2,30,0,0,11,0.03,2.7,86.86,14,1010,N/A
2015,1,26,3,30,0,0,12,0.03,3.2,88.37,14,1010,N/A
2015,1,26,4,30,0,0,12,0.03,3.6,90.48,14,1010,N/A
2015,1,26,5,30,0,0,12,0.03,3.9000000000000004,87.38,15,1010,N/A
2015,1,26,6,30,0,0,13,0.03,4.2,85.16,16,1010,N/A
2015,1,26,7,30,0,0,14,0.03,4.6000000000000005,83.66,17,1010,N/A
2015,1,26,8,30,0,0,14,0.03,4.9,87.55,17,1010,N/A
2015,1,26,9,30,0,0,15,0.03,5.1000000000000005,90.32000000000001,17,1010,N/A
2015,1,26,10,30,0,0,15,0.03,5.300000000000001,91.93,17,1010,N/A
2015,1,26,11,30,0,0,15,0.03,5.7,91.27,17,1010,N/A
2015,1,26,12,30,8,3,14,0.03,5.6000000000000005,91.3,17,1010,N/A
2015,1,26,13,30,71,496,13,0.03,5.6000000000000005,85.31,17,1010,N/A
2015,1,26,14,30,90,740,12,0.03,6.300000000000001,74.65,17,1010,N/A
2015,1,26,15,30,94,859,11,0.03,6.7,68.9,17,1010,N/A
2015,1,26,16,30,258,448,10,0.03,6.7,66.6,17,1010,N/A
2015,1,26,17,30,305,361,10,0.03,7.1000000000000005,65.39,17,1010,N/A
2015,1,26,18,30,326,195,10,0.03,7.4,68.79,17,1010,N/A
2015,1,26,19,30,99,878,10,0.03,7.1000000000000005,68.43,16,1010,N/A
2015,1,26,20,30,188,356,10,0.03,6.7,73.13,15,1010,N/A
2015,1,26,21,30,71,682,10,0.03,6.300000000000001,77.44,15,1010,N/A
2015,1,26,22,30,39,353,9,0.03,5.800000000000001,76.65,14,1010,N/A
2015,1,26,23,30,0,0,9,0.03,5.300000000000001,81.5,14,1010,N/A
2015,1,27,0,30,0,0,9,0.03,5,81.25,13,1010,N/A
2015,1,27,1,30,0,0,9,0.03,4.800000000000001,80.66,13,1010,N/A
2015,1,27,2,30,0,0,9,0.03,4.800000000000001,79.91,13,1010,N/A
2015,1,27,3,30,0,0,9,0.03,4.800000000000001,78.79,13,1010,N/A
2015,1,27,4,30,0,0,9,0.03,4.800000000000001,82.5,12,1010,N/A
2015,1,27,5,30,0,0,8,0.03,4.4,80.43,12,1010,N/A
2015,1,27,6,30,0,0,8,0.03,4,83.43,11,1010,N/A
2015,1,27,7,30,0,0,7,0.03,3.8000000000000003,81.26,11,1010,N/A
2015,1,27,8,30,0,0,7,0.03,3.5,84.86,10,1010,N/A
2015,1,27,9,30,0,0,7,0.03,3.1,83.41,10,1010,N/A
2015,1,27,10,30,0,0,7,0.03,2.9000000000000004,82.38,10,1010,N/A
2015,1,27,11,30,0,0,6,0.03,2.7,81.61,10,1010,N/A
2015,1,27,12,30,12,177,7,0.03,3,76.82000000000001,11,1010,N/A
2015,1,27,13,30,48,672,7,0.03,3.7,69.61,13,1010,N/A
2015,1,27,14,30,65,836,7,0.03,4.2,65.36,14,1010,N/A
2015,1,27,15,30,75,911,7,0.03,4.5,62.36,15,1010,N/A
2015,1,27,16,30,233,513,8,0.03,4.9,60.7,16,1010,N/A
2015,1,27,17,30,87,948,9,0.03,5.4,60.29,17,1010,N/A
2015,1,27,18,30,263,471,10,0.03,5.800000000000001,63.99,17,1010,N/A
2015,1,27,19,30,89,895,10,0.03,6,67.33,18,1010,N/A
2015,1,27,20,30,84,822,11,0.03,6,69.8,17,1010,N/A
2015,1,27,21,30,67,698,11,0.03,5.5,71.96000000000001,17,1010,N/A
2015,1,27,22,30,36,388,12,0.03,4.800000000000001,78.82000000000001,16,1010,N/A
2015,1,27,23,30,0,0,12,0.03,4.4,80.35000000000001,16,1010,N/A
2015,1,28,0,30,0,0,12,0.03,4.2,86.29,15,1010,N/A
2015,1,28,1,30,0,0,12,0.03,4,90.76,15,1010,N/A
2015,1,28,2,30,0,0,11,0.03,3.8000000000000003,87.56,14,1010,N/A
2015,1,28,3,30,0,0,11,0.03,3.6,89.99,13,1010,N/A
2015,1,28,4,30,0,0,10,0.03,3.4000000000000004,92.5,12,1010,N/A
2015,1,28,5,30,0,0,10,0.03,3.2,94.72,11,1010,N/A
2015,1,28,6,30,0,0,9,0.03,3,90.10000000000001,11,1010,N/A
2015,1,28,7,30,0,0,8,0.03,2.8000000000000003,91.45,10,1010,N/A
2015,1,28,8,30,0,0,7,0.03,2.7,92.57000000000001,9,1010,N/A
2015,1,28,9,30,0,0,7,0.03,2.5,87.56,9,1020,N/A
2015,1,28,10,30,0,0,6,0.03,2.5,89.45,8,1020,N/A
2015,1,28,11,30,0,0,5,0.03,2.7,86.39,8,1020,N/A
2015,1,28,12,30,12,213,5,0.03,3.3000000000000003,79.58,9,1020,N/A
2015,1,28,13,30,48,700,5,0.03,3.8000000000000003,69.84,11,1020,N/A
2015,1,28,14,30,65,863,5,0.03,3.8000000000000003,63.08,12,1020,N/A
2015,1,28,15,30,77,934,4,0.03,3.6,58.28,13,1020,N/A
2015,1,28,16,30,83,972,5,0.03,3.6,55.13,14,1020,N/A
2015,1,28,17,30,85,986,5,0.03,3.7,55.61,14,1020,N/A
2015,1,28,18,30,85,980,5,0.03,3.8000000000000003,52.34,15,1020,N/A
2015,1,28,19,30,83,948,5,0.03,3.9000000000000004,55.74,15,1020,N/A
2015,1,28,20,30,78,877,5,0.03,3.8000000000000003,55.59,14,1020,N/A
2015,1,28,21,30,70,718,5,0.03,3.2,59.72,13,1020,N/A
2015,1,28,22,30,42,327,6,0.03,2.7,71.99,11,1020,N/A
2015,1,28,23,30,0,0,5,0.03,2.8000000000000003,70.74,11,1020,N/A
2015,1,29,0,30,0,0,5,0.03,3.1,76.07000000000001,10,1020,N/A
2015,1,29,1,30,0,0,6,0.03,3.2,77.12,10,1020,N/A
2015,1,29,2,30,0,0,6,0.03,3.2,84.44,9,1020,N/A
2015,1,29,3,30,0,0,6,0.03,3.2,86.36,9,1020,N/A
2015,1,29,4,30,0,0,7,0.03,3.1,93.53,8,1020,N/A
2015,1,29,5,30,0,0,6,0.03,2.9000000000000004,92.95,8,1020,N/A
2015,1,29,6,30,0,0,6,0.03,2.9000000000000004,97.43,8,1020,N/A
2015,1,29,7,30,0,0,6,0.03,3,94.37,7,1020,N/A
2015,1,29,8,30,0,0,5,0.03,3,91.15,7,1020,N/A
2015,1,29,9,30,0,0,5,0.03,3,89.46000000000001,7,1020,N/A
2015,1,29,10,30,0,0,5,0.03,3.1,89.51,7,1020,N/A
2015,1,29,11,30,0,0,5,0.03,3.2,90.59,7,1020,N/A
2015,1,29,12,30,13,159,5,0.03,3.5,86.96000000000001,9,1020,N/A
2015,1,29,13,30,54,652,6,0.03,3.5,80.13,10,1020,N/A
2015,1,29,14,30,73,821,7,0.03,3.3000000000000003,75.07000000000001,12,1020,N/A
2015,1,29,15,30,82,906,9,0.03,3.4000000000000004,67.97,15,1020,N/A
2015,1,29,16,30,263,448,9,0.03,3,62.77,17,1020,N/A
2015,1,29,17,30,89,960,9,0.03,2.1,59.09,18,1020,N/A
2015,1,29,18,30,89,949,9,0.03,1.4000000000000001,59.120000000000005,19,1020,N/A
2015,1,29,19,30,86,918,10,0.03,0.9,56.77,19,1020,N/A
2015,1,29,20,30,78,856,10,0.03,0.6000000000000001,56.94,19,1020,N/A
2015,1,29,21,30,64,732,10,0.03,0.5,63.24,18,1020,N/A
2015,1,29,22,30,36,433,11,0.03,1.1,73.25,16,1020,N/A
2015,1,29,23,30,0,0,10,0.03,1.7000000000000002,74.4,15,1020,N/A
2015,1,30,0,30,0,0,10,0.03,1.9000000000000001,80.55,14,1020,N/A
2015,1,30,1,30,0,0,11,0.03,1.8,82.24,14,1020,N/A
2015,1,30,2,30,0,0,11,0.03,1.6,84.02,14,1020,N/A
2015,1,30,3,30,0,0,11,0.03,1.4000000000000001,91.08,13,1020,N/A
2015,1,30,4,30,0,0,11,0.03,1.2000000000000002,91.73,13,1020,N/A
2015,1,30,5,30,0,0,11,0.03,1,92.09,13,1020,N/A
2015,1,30,6,30,0,0,11,0.03,1.1,91.66,13,1020,N/A
2015,1,30,7,30,0,0,11,0.03,1.4000000000000001,98.24000000000001,12,1020,N/A
2015,1,30,8,30,0,0,11,0.03,1.7000000000000002,99.39,12,1020,N/A
2015,1,30,9,30,0,0,11,0.03,1.8,100,12,1020,N/A
2015,1,30,10,30,0,0,11,0.03,1.7000000000000002,100,12,1020,N/A
2015,1,30,11,30,0,0,11,0.03,1.6,100,12,1020,N/A
2015,1,30,12,30,13,135,12,0.03,1.9000000000000001,96.36,13,1020,N/A
2015,1,30,13,30,56,604,13,0.03,2.6,82.69,16,1020,N/A
2015,1,30,14,30,167,298,13,0.03,3.2,79.17,17,1020,N/A
2015,1,30,15,30,98,826,13,0.03,3.4000000000000004,76.71000000000001,18,1020,N/A
2015,1,30,16,30,276,403,14,0.03,3.6,74.74,19,1020,N/A
2015,1,30,17,30,292,36,14,0.03,3.7,77.29,19,1020,N/A
2015,1,30,18,30,251,17,15,0.03,3.6,79.71000000000001,19,1020,N/A
2015,1,30,19,30,285,235,15,0.03,3.5,81.28,19,1020,N/A
2015,1,30,20,30,203,307,15,0.03,3.4000000000000004,86.54,19,1020,N/A
2015,1,30,21,30,120,297,15,0.03,3.1,90.11,18,1020,N/A
2015,1,30,22,30,45,254,14,0.03,3,92.64,16,1020,N/A
2015,1,30,23,30,0,0,13,0.03,3.3000000000000003,92.60000000000001,15,1020,N/A
2015,1,31,0,30,0,0,12,0.03,3.6,92.13,14,1020,N/A
2015,1,31,1,30,0,0,11,0.03,3.8000000000000003,91.02,13,1020,N/A
2015,1,31,2,30,0,0,10,0.03,4.2,85.10000000000001,13,1020,N/A
2015,1,31,3,30,0,0,9,0.03,4.4,86.17,12,1020,N/A
2015,1,31,4,30,0,0,9,0.03,4.4,88.47,12,1020,N/A
2015,1,31,5,30,0,0,8,0.03,4.2,85.65,11,1020,N/A
2015,1,31,6,30,0,0,8,0.03,4.2,88.2,10,1020,N/A
2015,1,31,7,30,0,0,7,0.03,4.3,90.51,10,1020,N/A
2015,1,31,8,30,0,0,6,0.03,4.2,86.15,9,1020,N/A
2015,1,31,9,30,0,0,6,0.03,4.1000000000000005,89.08,9,1020,N/A
2015,1,31,10,30,0,0,6,0.03,3.9000000000000004,87.46000000000001,8,1020,N/A
2015,1,31,11,30,0,0,5,0.03,3.9000000000000004,86.99,8,1020,N/A
2015,1,31,12,30,11,0,6,0.03,3.9000000000000004,82.37,9,1020,N/A
2015,1,31,13,30,69,444,6,0.03,3.7,75.04,11,1020,N/A
2015,1,31,14,30,78,736,7,0.03,3.9000000000000004,70.89,13,1020,N/A
2015,1,31,15,30,226,394,9,0.03,4.1000000000000005,63.36,16,1020,N/A
2015,1,31,16,30,261,458,9,0.03,3.7,62.18,17,1020,N/A
2015,1,31,17,30,207,655,10,0.03,3.2,60.120000000000005,18,1020,N/A
2015,1,31,18,30,313,327,10,0.03,2.7,58.93,19,1020,N/A
2015,1,31,19,30,258,381,11,0.03,2.5,61.59,19,1020,N/A
2015,1,31,20,30,96,795,11,0.03,2.3000000000000003,63.36,19,1020,N/A
2015,1,31,21,30,79,659,12,0.03,2.1,70.65,18,1020,N/A
2015,1,31,22,30,44,349,12,0.03,2.5,80.10000000000001,16,1020,N/A
2015,1,31,23,30,0,0,11,0.03,3.5,77.15,16,1020,N/A
2015,2,1,0,30,0,0,11,0.03,4.4,80.87,15,1020,N/A
2015,2,1,1,30,0,0,11,0.03,4.4,86.05,15,1020,N/A
2015,2,1,2,30,0,0,11,0.03,3.9000000000000004,86.2,14,1020,N/A
2015,2,1,3,30,0,0,11,0.03,3.8000000000000003,91.66,14,1020,N/A
2015,2,1,4,30,0,0,11,0.03,3.6,91.17,13,1020,N/A
2015,2,1,5,30,0,0,11,0.03,3.2,97.06,13,1020,N/A
2015,2,1,6,30,0,0,11,0.03,3.1,96.89,12,1020,N/A
2015,2,1,7,30,0,0,11,0.03,3.2,96.72,12,1020,N/A
2015,2,1,8,30,0,0,11,0.03,3.4000000000000004,96.61,12,1020,N/A
2015,2,1,9,30,0,0,11,0.03,3.3000000000000003,100,12,1020,N/A
2015,2,1,10,30,0,0,11,0.03,3.1,100,11,1020,N/A
2015,2,1,11,30,0,0,11,0.03,3.1,100,11,1020,N/A
2015,2,1,12,30,16,91,11,0.03,3.4000000000000004,91.75,13,1020,N/A
2015,2,1,13,30,66,561,12,0.03,3.6,82.75,15,1020,N/A
2015,2,1,14,30,92,736,12,0.03,4,75.29,17,1020,N/A
2015,2,1,15,30,107,821,12,0.03,4.3,67.94,19,1020,N/A
2015,2,1,16,30,114,868,13,0.03,4.1000000000000005,65.88,20,1020,N/A
2015,2,1,17,30,114,889,13,0.03,3.8000000000000003,66.95,21,1020,N/A
2015,2,1,18,30,109,894,13,0.03,3.5,63.47,21,1020,N/A
2015,2,1,19,30,101,871,13,0.03,3.3000000000000003,63.59,21,1010,N/A
2015,2,1,20,30,89,814,13,0.03,2.8000000000000003,68.1,20,1010,N/A
2015,2,1,21,30,72,692,14,0.03,2.1,75.34,19,1010,N/A
2015,2,1,22,30,41,404,14,0.03,1.8,87.45,18,1010,N/A
2015,2,1,23,30,0,0,14,0.03,1.8,89.17,17,1010,N/A
2015,2,2,0,30,0,0,14,0.032,1.8,89.78,16,1010,N/A
2015,2,2,1,30,0,0,14,0.032,2,90.28,16,1010,N/A
2015,2,2,2,30,0,0,14,0.032,2.3000000000000003,90.9,16,1010,N/A
2015,2,2,3,30,0,0,14,0.032,2.7,91.85000000000001,16,1010,N/A
2015,2,2,4,30,0,0,14,0.032,3.2,93.25,16,1010,N/A
2015,2,2,5,30,0,0,15,0.032,3.4000000000000004,100,16,1010,N/A
2015,2,2,6,30,0,0,15,0.032,3.6,100,15,1010,N/A
2015,2,2,7,30,0,0,15,0.032,3.8000000000000003,100,15,1010,N/A
2015,2,2,8,30,0,0,15,0.032,4,100,15,1010,N/A
2015,2,2,9,30,0,0,15,0.032,4,100,16,1010,N/A
2015,2,2,10,30,0,0,16,0.032,4.1000000000000005,100,16,1010,N/A
2015,2,2,11,30,0,0,16,0.032,4.3,100,16,1010,N/A
2015,2,2,12,30,15,43,17,0.032,4.7,100,17,1010,N/A
2015,2,2,13,30,90,21,18,0.032,5.1000000000000005,94.48,19,1010,N/A
2015,2,2,14,30,81,0,18,0.032,5.4,93.03,20,1010,N/A
2015,2,2,15,30,264,121,19,0.032,5.800000000000001,94.98,21,1010,N/A
2015,2,2,16,30,282,40,19,0.032,6,89.92,21,1010,N/A
2015,2,2,17,30,173,1,18,0.032,6.300000000000001,93.65,20,1010,N/A
2015,2,2,18,30,170,0,17,0.032,6.5,91.15,19,1010,N/A
2015,2,2,19,30,243,457,14,0.032,6.4,82.54,18,1010,N/A
2015,2,2,20,30,93,767,12,0.032,6,73.5,17,1010,N/A
2015,2,2,21,30,72,668,10,0.032,5.300000000000001,69.41,16,1010,N/A
2015,2,2,22,30,40,409,9,0.032,4.5,75.75,14,1010,N/A
2015,2,2,23,30,0,0,9,0.032,4,74.86,14,1010,N/A
2015,2,3,0,30,0,0,9,0.032,3.8000000000000003,78.23,13,1020,N/A
2015,2,3,1,30,0,0,8,0.032,3.5,80.99,12,1020,N/A
2015,2,3,2,30,0,0,8,0.032,3.4000000000000004,78.13,12,1020,N/A
2015,2,3,3,30,0,0,7,0.032,3.7,80.37,11,1020,N/A
2015,2,3,4,30,0,0,7,0.032,4,82.92,10,1020,N/A
2015,2,3,5,30,0,0,6,0.032,4.1000000000000005,80.06,10,1020,N/A
2015,2,3,6,30,0,0,6,0.032,4.3,82.67,9,1020,N/A
2015,2,3,7,30,0,0,5,0.032,4.5,85.84,8,1020,N/A
2015,2,3,8,30,0,0,5,0.032,4.6000000000000005,83.74,8,1020,N/A
2015,2,3,9,30,0,0,5,0.032,4.6000000000000005,87.64,7,1020,N/A
2015,2,3,10,30,0,0,4,0.032,4.5,85.4,7,1020,N/A
2015,2,3,11,30,0,0,4,0.032,4.6000000000000005,83.22,7,1020,N/A
2015,2,3,12,30,15,187,4,0.032,4.9,81.77,7,1020,N/A
2015,2,3,13,30,57,634,3,0.032,4.9,74.76,9,1020,N/A
2015,2,3,14,30,78,794,3,0.032,4.5,66.15,10,1020,N/A
2015,2,3,15,30,97,854,4,0.032,4,61.230000000000004,12,1020,N/A
2015,2,3,16,30,291,374,5,0.032,3.5,57.65,14,1020,N/A
2015,2,3,17,30,322,351,6,0.032,3.3000000000000003,56.370000000000005,15,1020,N/A
2015,2,3,18,30,333,262,6,0.032,3.3000000000000003,53.58,16,1020,N/A
2015,2,3,19,30,242,462,6,0.032,3.4000000000000004,50.77,17,1020,N/A
2015,2,3,20,30,98,787,6,0.032,3.2,51.71,17,1020,N/A
2015,2,3,21,30,133,237,7,0.032,2.8000000000000003,58.480000000000004,16,1020,N/A
2015,2,3,22,30,51,113,9,0.032,2.8000000000000003,67.92,15,1020,N/A
2015,2,3,23,30,0,0,9,0.032,3.5,72.5,14,1020,N/A
2015,2,4,0,30,0,0,9,0.032,4.2,74.5,14,1020,N/A
2015,2,4,1,30,0,0,9,0.032,4.4,81.58,13,1020,N/A
2015,2,4,2,30,0,0,10,0.032,4.3,82.9,13,1020,N/A
2015,2,4,3,30,0,0,10,0.032,4.1000000000000005,88.72,12,1020,N/A
2015,2,4,4,30,0,0,10,0.032,4,88.77,12,1020,N/A
2015,2,4,5,30,0,0,10,0.032,3.9000000000000004,88.88,12,1020,N/A
2015,2,4,6,30,0,0,10,0.032,3.8000000000000003,95.25,12,1020,N/A
2015,2,4,7,30,0,0,10,0.032,3.7,96.04,11,1020,N/A
2015,2,4,8,30,0,0,10,0.032,3.6,97.2,11,1020,N/A
2015,2,4,9,30,0,0,10,0.032,3.6,98.53,11,1020,N/A
2015,2,4,10,30,0,0,11,0.032,3.6,100,11,1020,N/A
2015,2,4,11,30,0,0,11,0.032,3.7,100,11,1020,N/A
2015,2,4,12,30,15,59,11,0.032,3.8000000000000003,97.67,12,1020,N/A
2015,2,4,13,30,96,154,12,0.032,3.7,89.93,14,1020,N/A
2015,2,4,14,30,129,535,13,0.032,3.7,83.85000000000001,16,1020,N/A
2015,2,4,15,30,266,112,13,0.032,3.6,77.19,19,1020,N/A
2015,2,4,16,30,295,368,14,0.032,3,75.04,20,1020,N/A
2015,2,4,17,30,340,285,14,0.032,2.6,71.60000000000001,20,1010,N/A
2015,2,4,18,30,345,176,14,0.032,2.4000000000000004,67.18,21,1010,N/A
2015,2,4,19,30,202,6,14,0.032,2,67.49,21,1010,N/A
2015,2,4,20,30,182,11,15,0.032,1.5,73.92,20,1010,N/A
2015,2,4,21,30,130,28,15,0.032,1.2000000000000002,81.98,19,1010,N/A
2015,2,4,22,30,38,0,15,0.032,1.2000000000000002,79.29,19,1010,N/A
2015,2,4,23,30,0,0,14,0.032,1.5,81.94,18,1010,N/A
2015,2,5,0,30,0,0,14,0.032,1.9000000000000001,82.14,18,1010,N/A
2015,2,5,1,30,0,0,15,0.032,2.3000000000000003,82.71000000000001,18,1010,N/A
2015,2,5,2,30,0,0,15,0.032,2.6,83.48,18,1010,N/A
2015,2,5,3,30,0,0,15,0.032,3,84.64,18,1010,N/A
2015,2,5,4,30,0,0,15,0.032,3.6,91.68,18,1010,N/A
2015,2,5,5,30,0,0,15,0.032,4.3,93.47,18,1010,N/A
2015,2,5,6,30,0,0,16,0.032,5.1000000000000005,96,18,1010,N/A
2015,2,5,7,30,0,0,16,0.032,5.7,93.15,18,1010,N/A
2015,2,5,8,30,0,0,17,0.032,6.300000000000001,96.3,18,1010,N/A
2015,2,5,9,30,0,0,17,0.032,6.9,99.48,18,1010,N/A
2015,2,5,10,30,0,0,18,0.032,6.800000000000001,100,18,1010,N/A
2015,2,5,11,30,0,0,18,0.032,5.7,100,18,1010,N/A
2015,2,5,12,30,9,0,18,0.032,4.4,100,18,1010,N/A
2015,2,5,13,30,85,0,18,0.032,3.9000000000000004,100,18,1010,N/A
2015,2,5,14,30,100,0,18,0.032,4.7,100,18,1010,N/A
2015,2,5,15,30,80,0,16,0.032,5.800000000000001,98.3,17,1010,N/A
2015,2,5,16,30,296,48,15,0.032,6,90.7,17,1010,N/A
2015,2,5,17,30,271,21,14,0.032,5.6000000000000005,87.27,18,1010,N/A
2015,2,5,18,30,214,7,14,0.032,5.2,81.16,18,1010,N/A
2015,2,5,19,30,303,150,14,0.032,5,80.65,18,1010,N/A
2015,2,5,20,30,231,134,14,0.032,4.800000000000001,84.4,17,1010,N/A
2015,2,5,21,30,143,120,13,0.032,4.2,87.63,16,1010,N/A
2015,2,5,22,30,38,481,13,0.032,3.6,91.57000000000001,15,1010,N/A
2015,2,5,23,30,0,0,12,0.032,3.6,87.71000000000001,15,1010,N/A
2015,2,6,0,30,0,0,12,0.032,3.8000000000000003,90.56,14,1010,N/A
2015,2,6,1,30,0,0,11,0.032,3.8000000000000003,87.67,14,1010,N/A
2015,2,6,2,30,0,0,11,0.032,3.6,90.86,13,1020,N/A
2015,2,6,3,30,0,0,11,0.032,3.4000000000000004,94.58,12,1020,N/A
2015,2,6,4,30,0,0,10,0.032,3.2,92.60000000000001,12,1020,N/A
2015,2,6,5,30,0,0,10,0.032,3.2,96.98,11,1020,N/A
2015,2,6,6,30,0,0,10,0.032,3.3000000000000003,95.16,11,1020,N/A
2015,2,6,7,30,0,0,9,0.032,3.5,93.43,11,1020,N/A
2015,2,6,8,30,0,0,9,0.032,3.9000000000000004,97.98,10,1020,N/A
2015,2,6,9,30,0,0,9,0.032,4.1000000000000005,96,10,1020,N/A
2015,2,6,10,30,0,0,9,0.032,4.4,94.06,10,1020,N/A
2015,2,6,11,30,0,0,9,0.032,4.800000000000001,93.65,10,1020,N/A
2015,2,6,12,30,18,182,8,0.032,5.2,92.34,10,1020,N/A
2015,2,6,13,30,60,650,8,0.032,5.7,78.99,12,1020,N/A
2015,2,6,14,30,77,828,8,0.032,6,72.9,13,1020,N/A
2015,2,6,15,30,86,912,8,0.032,5.6000000000000005,65.19,15,1020,N/A
2015,2,6,16,30,91,953,8,0.032,5.1000000000000005,62.480000000000004,16,1020,N/A
2015,2,6,17,30,92,970,8,0.032,4.7,62.81,17,1020,N/A
2015,2,6,18,30,92,965,8,0.032,4.4,58.34,17,1020,N/A
2015,2,6,19,30,87,939,8,0.032,4.2,57.47,17,1020,N/A
2015,2,6,20,30,191,432,8,0.032,4.1000000000000005,57.07,17,1020,N/A
2015,2,6,21,30,67,760,8,0.032,3.7,61.26,16,1020,N/A
2015,2,6,22,30,42,481,9,0.032,3.5,72.8,14,1020,N/A
2015,2,6,23,30,0,0,9,0.032,4,72.19,14,1020,N/A
2015,2,7,0,30,0,0,9,0.032,4.4,78.3,13,1020,N/A
2015,2,7,1,30,0,0,9,0.032,4.4,85.45,12,1020,N/A
2015,2,7,2,30,0,0,9,0.032,4.1000000000000005,93.24,12,1020,N/A
2015,2,7,3,30,0,0,10,0.032,3.8000000000000003,94.3,11,1020,N/A
2015,2,7,4,30,0,0,9,0.032,3.8000000000000003,100,10,1020,N/A
2015,2,7,5,30,0,0,9,0.032,3.9000000000000004,99.74000000000001,10,1020,N/A
2015,2,7,6,30,0,0,9,0.032,3.9000000000000004,98.75,10,1020,N/A
2015,2,7,7,30,0,0,9,0.032,3.8000000000000003,97.74000000000001,10,1020,N/A
2015,2,7,8,30,0,0,9,0.032,3.7,100,10,1020,N/A
2015,2,7,9,30,0,0,9,0.032,3.7,100,10,1020,N/A
2015,2,7,10,30,0,0,9,0.032,3.6,100,9,1020,N/A
2015,2,7,11,30,0,0,9,0.032,3.5,100,9,1020,N/A
2015,2,7,12,30,19,159,9,0.032,3.6,96.01,10,1020,N/A
2015,2,7,13,30,62,625,9,0.032,3.6,86.35000000000001,12,1020,N/A
2015,2,7,14,30,80,801,10,0.032,3.5,79.09,14,1020,N/A
2015,2,7,15,30,89,886,10,0.032,3.2,71,16,1020,N/A
2015,2,7,16,30,286,418,10,0.032,2.7,63.49,18,1020,N/A
2015,2,7,17,30,95,943,11,0.032,2.1,60.59,19,1020,N/A
2015,2,7,18,30,95,937,11,0.032,1.8,61.43,19,1020,N/A
2015,2,7,19,30,203,581,11,0.032,1.7000000000000002,60.76,19,1020,N/A
2015,2,7,20,30,83,849,11,0.032,1.6,60.43,19,1020,N/A
2015,2,7,21,30,69,733,11,0.032,1.2000000000000002,65.53,18,1020,N/A
2015,2,7,22,30,43,464,12,0.032,1.1,79.39,16,1020,N/A
2015,2,7,23,30,0,0,11,0.032,1.4000000000000001,78.76,15,1020,N/A
2015,2,8,0,30,0,0,11,0.032,1.6,78.36,15,1020,N/A
2015,2,8,1,30,0,0,11,0.032,2,82.76,14,1020,N/A
2015,2,8,2,30,0,0,10,0.032,2.3000000000000003,87.36,13,1020,N/A
2015,2,8,3,30,0,0,10,0.032,2.4000000000000004,87.61,13,1020,N/A
2015,2,8,4,30,0,0,11,0.032,2.5,94.15,12,1020,N/A
2015,2,8,5,30,0,0,11,0.032,2.5,94.69,12,1020,N/A
2015,2,8,6,30,0,0,11,0.032,2.6,95.08,12,1020,N/A
2015,2,8,7,30,0,0,11,0.032,2.6,100,12,1020,N/A
2015,2,8,8,30,0,0,11,0.032,2.6,100,11,1020,N/A
2015,2,8,9,30,0,0,11,0.032,2.5,100,11,1020,N/A
2015,2,8,10,30,0,0,11,0.032,2.5,100,11,1020,N/A
2015,2,8,11,30,0,0,11,0.032,2.5,100,11,1020,N/A
2015,2,8,12,30,18,227,11,0.032,2.9000000000000004,87.95,13,1020,N/A
2015,2,8,13,30,55,673,11,0.032,3.1,79.64,15,1020,N/A
2015,2,8,14,30,71,830,12,0.032,3,73.13,17,1020,N/A
2015,2,8,15,30,81,904,12,0.032,2.8000000000000003,69.92,19,1020,N/A
2015,2,8,16,30,285,430,12,0.032,2.2,66.98,20,1020,N/A
2015,2,8,17,30,89,952,12,0.032,1.7000000000000002,63.57,20,1010,N/A
2015,2,8,18,30,87,947,12,0.032,1.3,59.56,21,1010,N/A
2015,2,8,19,30,83,919,12,0.032,1.1,59.03,21,1010,N/A
2015,2,8,20,30,76,862,12,0.032,1.1,62.85,20,1010,N/A
2015,2,8,21,30,64,750,13,0.032,1,69.06,19,1010,N/A
2015,2,8,22,30,40,496,14,0.032,1.1,84.75,18,1010,N/A
2015,2,8,23,30,0,0,13,0.032,1.3,83.05,16,1010,N/A
2015,2,9,0,30,0,0,13,0.032,1.4000000000000001,88.96000000000001,15,1010,N/A
2015,2,9,1,30,0,0,13,0.032,1.3,89.58,15,1010,N/A
2015,2,9,2,30,0,0,13,0.032,1.2000000000000002,89.93,15,1010,N/A
2015,2,9,3,30,0,0,13,0.032,1,89.81,15,1010,N/A
2015,2,9,4,30,0,0,13,0.032,0.7000000000000001,89,15,1010,N/A
2015,2,9,5,30,0,0,13,0.032,0.5,88.07000000000001,15,1010,N/A
2015,2,9,6,30,0,0,12,0.032,0.5,87.69,15,1010,N/A
2015,2,9,7,30,0,0,12,0.032,0.8,93.5,14,1010,N/A
2015,2,9,8,30,0,0,13,0.032,1.1,94.07000000000001,14,1010,N/A
2015,2,9,9,30,0,0,13,0.032,1.2000000000000002,94.33,14,1010,N/A
2015,2,9,10,30,0,0,13,0.032,1.3,94.34,14,1010,N/A
2015,2,9,11,30,0,0,13,0.032,1.3,94.69,14,1010,N/A
2015,2,9,12,30,11,0,13,0.032,1.5,90.96000000000001,15,1010,N/A
2015,2,9,13,30,84,0,14,0.032,1.5,89.15,16,1010,N/A
2015,2,9,14,30,176,341,15,0.032,1.4000000000000001,88.2,17,1010,N/A
2015,2,9,15,30,126,0,15,0.032,1.2000000000000002,87.07000000000001,18,1010,N/A
2015,2,9,16,30,60,0,16,0.032,1,90.18,18,1010,N/A
2015,2,9,17,30,63,0,16,0.032,1,92.24,18,1010,N/A
2015,2,9,18,30,70,0,16,0.032,1,93.86,18,1010,N/A
2015,2,9,19,30,75,0,17,0.032,0.9,94.9,18,1000,N/A
2015,2,9,20,30,84,0,17,0.032,0.9,95.46000000000001,18,1000,N/A
2015,2,9,21,30,111,0,17,0.032,1.2000000000000002,100,17,1000,N/A
2015,2,9,22,30,37,0,16,0.032,1.5,100,16,1000,N/A
2015,2,9,23,30,0,0,16,0.032,1.5,100,16,1000,N/A
2015,2,10,0,30,0,0,15,0.032,1.5,100,15,1000,N/A
2015,2,10,1,30,0,0,15,0.032,1.5,100,15,1000,N/A
2015,2,10,2,30,0,0,15,0.032,1.7000000000000002,100,15,1000,N/A
2015,2,10,3,30,0,0,15,0.032,1.9000000000000001,100,15,1000,N/A
2015,2,10,4,30,0,0,15,0.032,2.1,100,15,1000,N/A
2015,2,10,5,30,0,0,14,0.032,2.3000000000000003,100,14,1000,N/A
2015,2,10,6,30,0,0,14,0.032,2.5,100,14,1000,N/A
2015,2,10,7,30,0,0,14,0.032,2.8000000000000003,100,15,1000,N/A
2015,2,10,8,30,0,0,14,0.032,3.1,99.76,15,1000,N/A
2015,2,10,9,30,0,0,14,0.032,3.4000000000000004,100,15,1000,N/A
2015,2,10,10,30,0,0,14,0.032,3.7,100,14,1000,N/A
2015,2,10,11,30,0,0,13,0.032,4.1000000000000005,99.95,14,1000,N/A
2015,2,10,12,30,22,182,13,0.032,4.800000000000001,96.79,14,1000,N/A
2015,2,10,13,30,71,595,13,0.032,5.4,88.03,15,1000,N/A
2015,2,10,14,30,98,763,12,0.032,5.6000000000000005,83.67,15,1010,N/A
2015,2,10,15,30,112,849,11,0.032,5.800000000000001,75.60000000000001,16,1010,N/A
2015,2,10,16,30,118,897,11,0.032,5.9,74.44,16,1010,N/A
2015,2,10,17,30,119,919,11,0.032,5.9,73.83,16,1000,N/A
2015,2,10,18,30,109,932,11,0.032,5.9,73.21000000000001,16,1000,N/A
2015,2,10,19,30,104,906,11,0.032,5.800000000000001,72.5,16,1000,N/A
2015,2,10,20,30,95,847,10,0.032,5.4,76.49,15,1000,N/A
2015,2,10,21,30,140,281,10,0.032,4.6000000000000005,81.19,14,1010,N/A
2015,2,10,22,30,50,455,10,0.032,3.7,87.08,13,1010,N/A
2015,2,10,23,30,0,0,10,0.032,3.2,92.4,12,1010,N/A
2015,2,11,0,30,0,0,10,0.032,3.1,92.81,12,1010,N/A
2015,2,11,1,30,0,0,10,0.032,3,99.62,11,1010,N/A
2015,2,11,2,30,0,0,11,0.032,2.9000000000000004,100,11,1010,N/A
2015,2,11,3,30,0,0,10,0.032,2.9000000000000004,99.91,11,1010,N/A
2015,2,11,4,30,0,0,10,0.032,3,99.08,11,1010,N/A
2015,2,11,5,30,0,0,9,0.032,3,100,10,1010,N/A
2015,2,11,6,30,0,0,9,0.032,3,100,10,1010,N/A
2015,2,11,7,30,0,0,9,0.032,2.9000000000000004,100,10,1010,N/A
2015,2,11,8,30,0,0,9,0.032,2.8000000000000003,99.33,10,1010,N/A
2015,2,11,9,30,0,0,9,0.032,2.8000000000000003,96.45,10,1010,N/A
2015,2,11,10,30,0,0,9,0.032,2.8000000000000003,100,9,1010,N/A
2015,2,11,11,30,0,0,8,0.032,3,97.81,9,1010,N/A
2015,2,11,12,30,22,233,8,0.032,3.5,89.97,10,1010,N/A
2015,2,11,13,30,63,673,8,0.032,3.6,79.09,12,1010,N/A
2015,2,11,14,30,80,842,8,0.032,3.4000000000000004,74,13,1010,N/A
2015,2,11,15,30,89,922,8,0.032,2.8000000000000003,69.74,14,1010,N/A
2015,2,11,16,30,94,961,8,0.032,2.1,65.73,15,1010,N/A
2015,2,11,17,30,96,974,8,0.032,1.8,61.44,16,1010,N/A
2015,2,11,18,30,96,966,8,0.032,2,57.95,17,1010,N/A
2015,2,11,19,30,93,938,8,0.032,2.3000000000000003,58.45,17,1010,N/A
2015,2,11,20,30,86,879,8,0.032,2.4000000000000004,62.63,16,1010,N/A
2015,2,11,21,30,72,767,9,0.032,2.1,67.63,15,1010,N/A
2015,2,11,22,30,45,519,9,0.032,2,76.68,14,1010,N/A
2015,2,11,23,30,0,0,9,0.032,2.2,82.32000000000001,12,1010,N/A
2015,2,12,0,30,0,0,8,0.032,2.3000000000000003,81.47,12,1010,N/A
2015,2,12,1,30,0,0,8,0.032,2.3000000000000003,80.93,12,1010,N/A
2015,2,12,2,30,0,0,8,0.032,2.2,86.13,11,1010,N/A
2015,2,12,3,30,0,0,8,0.032,2.1,85.81,11,1010,N/A
2015,2,12,4,30,0,0,8,0.032,1.9000000000000001,91.41,11,1010,N/A
2015,2,12,5,30,0,0,8,0.032,1.7000000000000002,91.24,10,1010,N/A
2015,2,12,6,30,0,0,8,0.032,1.6,91.21000000000001,10,1010,N/A
2015,2,12,7,30,0,0,8,0.032,1.5,91.21000000000001,10,1010,N/A
2015,2,12,8,30,0,0,8,0.032,1.3,91.11,10,1010,N/A
2015,2,12,9,30,0,0,8,0.032,1.2000000000000002,90.91,10,1010,N/A
2015,2,12,10,30,0,0,8,0.032,1,90.83,10,1010,N/A
2015,2,12,11,30,0,0,8,0.032,1,90.87,10,1010,N/A
2015,2,12,12,30,23,233,8,0.032,1.4000000000000001,85.79,11,1020,N/A
2015,2,12,13,30,65,653,9,0.032,2.2,78.98,13,1020,N/A
2015,2,12,14,30,82,820,9,0.032,3,71.08,15,1020,N/A
2015,2,12,15,30,261,337,10,0.032,3.4000000000000004,68.73,16,1020,N/A
2015,2,12,16,30,309,375,10,0.032,3.7,66.87,17,1020,N/A
2015,2,12,17,30,101,937,11,0.032,4,69.19,17,1010,N/A
2015,2,12,18,30,114,897,11,0.032,4.2,71.43,18,1010,N/A
2015,2,12,19,30,118,846,12,0.032,4.2,72.97,17,1010,N/A
2015,2,12,20,30,112,769,12,0.032,4,73.79,17,1010,N/A
2015,2,12,21,30,89,660,12,0.032,3.4000000000000004,79.23,16,1010,N/A
2015,2,12,22,30,52,422,12,0.032,2.5,86.21000000000001,15,1010,N/A
2015,2,12,23,30,0,0,12,0.032,2.3000000000000003,92.2,14,1010,N/A
2015,2,13,0,30,0,0,13,0.032,2.3000000000000003,93.81,14,1010,N/A
2015,2,13,1,30,0,0,13,0.032,2.5,100,13,1010,N/A
2015,2,13,2,30,0,0,12,0.032,2.7,99.46000000000001,13,1010,N/A
2015,2,13,3,30,0,0,12,0.032,2.9000000000000004,98.02,13,1010,N/A
2015,2,13,4,30,0,0,12,0.032,3.3000000000000003,95.48,13,1010,N/A
2015,2,13,5,30,0,0,11,0.032,3.9000000000000004,92.7,13,1010,N/A
2015,2,13,6,30,0,0,10,0.032,4.6000000000000005,92.06,12,1010,N/A
2015,2,13,7,30,0,0,9,0.032,4.9,88.13,11,1010,N/A
2015,2,13,8,30,0,0,7,0.032,4.7,83.75,10,1020,N/A
2015,2,13,9,30,0,0,5,0.032,4.2,87.10000000000001,8,1020,N/A
2015,2,13,10,30,0,0,5,0.032,3.9000000000000004,81.8,8,1020,N/A
2015,2,13,11,30,0,0,4,0.032,3.9000000000000004,78.5,8,1020,N/A
2015,2,13,12,30,22,256,4,0.032,4.3,76.58,8,1020,N/A
2015,2,13,13,30,62,670,3,0.032,4.2,66.75,9,1020,N/A
2015,2,13,14,30,80,835,2,0.032,3.7,61.01,10,1020,N/A
2015,2,13,15,30,89,919,3,0.032,3.4000000000000004,57.93,11,1020,N/A
2015,2,13,16,30,94,962,3,0.032,3.6,56.4,12,1020,N/A
2015,2,13,17,30,95,979,4,0.032,4,58.51,13,1020,N/A
2015,2,13,18,30,93,979,4,0.032,4.3,55.730000000000004,13,1020,N/A
2015,2,13,19,30,87,965,4,0.032,4.4,58.59,12,1020,N/A
2015,2,13,20,30,77,925,3,0.032,4.3,60.71,12,1020,N/A
2015,2,13,21,30,64,832,3,0.032,3.8000000000000003,63.690000000000005,11,1020,N/A
2015,2,13,22,30,41,601,3,0.032,3.4000000000000004,69.51,9,1020,N/A
2015,2,13,23,30,0,0,3,0.032,3.2,75.15,8,1020,N/A
2015,2,14,0,30,0,0,3,0.032,2.9000000000000004,79.68,8,1020,N/A
2015,2,14,1,30,0,0,3,0.032,2.7,78.74,7,1020,N/A
2015,2,14,2,30,0,0,3,0.032,2.8000000000000003,78.76,7,1020,N/A
2015,2,14,3,30,0,0,3,0.032,3,79.78,7,1020,N/A
2015,2,14,4,30,0,0,3,0.032,2.9000000000000004,80.31,7,1020,N/A
2015,2,14,5,30,0,0,3,0.032,2.7,80.2,7,1020,N/A
2015,2,14,6,30,0,0,3,0.032,2.5,79.77,7,1020,N/A
2015,2,14,7,30,0,0,3,0.032,2.5,85.26,6,1020,N/A
2015,2,14,8,30,0,0,3,0.032,2.6,85.66,6,1020,N/A
2015,2,14,9,30,0,0,3,0.032,2.5,85.71000000000001,6,1020,N/A
2015,2,14,10,30,0,0,3,0.032,2.5,85.11,6,1020,N/A
2015,2,14,11,30,0,0,3,0.032,2.6,84.31,6,1020,N/A
2015,2,14,12,30,23,272,3,0.032,2.8000000000000003,79.23,7,1020,N/A
2015,2,14,13,30,60,678,3,0.032,3.2,69.63,9,1020,N/A
2015,2,14,14,30,77,838,3,0.032,3.4000000000000004,63.14,11,1020,N/A
2015,2,14,15,30,84,922,3,0.032,3.2,56.5,12,1020,N/A
2015,2,14,16,30,87,967,3,0.032,3.1,54.27,13,1020,N/A
2015,2,14,17,30,87,985,4,0.032,3.4000000000000004,52.32,14,1020,N/A
2015,2,14,18,30,90,976,4,0.032,3.6,53.45,14,1020,N/A
2015,2,14,19,30,84,957,4,0.032,3.5,53.800000000000004,14,1020,N/A
2015,2,14,20,30,75,912,4,0.032,3.3000000000000003,53.410000000000004,14,1020,N/A
2015,2,14,21,30,62,816,4,0.032,2.9000000000000004,57.78,13,1020,N/A
2015,2,14,22,30,41,587,6,0.032,2.6,67.27,12,1020,N/A
2015,2,14,23,30,0,0,6,0.032,2.9000000000000004,71.94,11,1020,N/A
2015,2,15,0,30,0,0,6,0.032,3.1,75.17,11,1020,N/A
2015,2,15,1,30,0,0,7,0.032,3,79.35000000000001,11,1020,N/A
2015,2,15,2,30,0,0,8,0.032,2.8000000000000003,82.9,11,1020,N/A
2015,2,15,3,30,0,0,8,0.032,2.8000000000000003,85.94,11,1020,N/A
2015,2,15,4,30,0,0,9,0.032,3,89.23,11,1020,N/A
2015,2,15,5,30,0,0,9,0.032,3.3000000000000003,92.2,11,1020,N/A
2015,2,15,6,30,0,0,10,0.032,3.6,88.56,12,1020,N/A
2015,2,15,7,30,0,0,10,0.032,3.6,90.54,12,1020,N/A
2015,2,15,8,30,0,0,10,0.032,3.5,91.86,12,1020,N/A
2015,2,15,9,30,0,0,10,0.032,3.2,92.57000000000001,12,1020,N/A
2015,2,15,10,30,0,0,10,0.032,2.9000000000000004,93.53,12,1020,N/A
2015,2,15,11,30,0,0,11,0.032,2.7,94.8,12,1020,N/A
2015,2,15,12,30,23,289,11,0.032,2.9000000000000004,85.46000000000001,14,1020,N/A
2015,2,15,13,30,61,673,12,0.032,3.5,80.06,16,1020,N/A
2015,2,15,14,30,84,809,12,0.032,4,75.83,17,1020,N/A
2015,2,15,15,30,102,867,12,0.032,4.2,71.69,18,1020,N/A
2015,2,15,16,30,115,893,13,0.032,4.1000000000000005,68.56,19,1020,N/A
2015,2,15,17,30,122,900,13,0.032,3.7,69.89,19,1020,N/A
2015,2,15,18,30,286,491,13,0.032,3.2,70.59,19,1020,N/A
2015,2,15,19,30,210,598,13,0.032,2.8000000000000003,70.42,19,1020,N/A
2015,2,15,20,30,101,816,13,0.032,2.4000000000000004,70.10000000000001,19,1020,N/A
2015,2,15,21,30,148,270,13,0.032,1.8,74.52,18,1020,N/A
2015,2,15,22,30,52,460,14,0.032,1.6,88.10000000000001,16,1020,N/A
2015,2,15,23,30,0,0,13,0.032,1.9000000000000001,93.81,14,1020,N/A
2015,2,16,0,30,0,0,12,0.032,2,92.61,14,1020,N/A
2015,2,16,1,30,0,0,12,0.032,2,96.43,13,1020,N/A
2015,2,16,2,30,0,0,11,0.032,2.2,93.25,13,1020,N/A
2015,2,16,3,30,0,0,11,0.032,2.6,96.36,12,1020,N/A
2015,2,16,4,30,0,0,10,0.032,2.8000000000000003,93.42,12,1020,N/A
2015,2,16,5,30,0,0,10,0.032,2.8000000000000003,97.34,11,1020,N/A
2015,2,16,6,30,0,0,9,0.032,2.7,100,10,1020,N/A
2015,2,16,7,30,0,0,9,0.032,2.6,100,10,1020,N/A
2015,2,16,8,30,0,0,9,0.032,2.6,100,10,1020,N/A
2015,2,16,9,30,0,0,9,0.032,2.6,100,10,1020,N/A
2015,2,16,10,30,0,0,9,0.032,2.7,100,10,1020,N/A
2015,2,16,11,30,0,0,9,0.032,2.9000000000000004,100,10,1020,N/A
2015,2,16,12,30,26,204,10,0.032,3.4000000000000004,92.56,12,1020,N/A
2015,2,16,13,30,74,581,11,0.032,3.6,85.12,14,1020,N/A
2015,2,16,14,30,200,254,12,0.032,3.8000000000000003,79.48,17,1020,N/A
2015,2,16,15,30,116,815,13,0.032,3.9000000000000004,72.83,18,1020,N/A
2015,2,16,16,30,127,852,13,0.032,3.7,71.03,19,1020,N/A
2015,2,16,17,30,131,866,13,0.032,3.7,67.93,20,1010,N/A
2015,2,16,18,30,359,89,14,0.032,3.7,68.38,20,1010,N/A
2015,2,16,19,30,318,257,14,0.032,3.7,69.02,20,1010,N/A
2015,2,16,20,30,114,759,14,0.032,3.5,74.19,20,1010,N/A
2015,2,16,21,30,150,268,14,0.032,2.9000000000000004,80.4,19,1010,N/A
2015,2,16,22,30,58,387,15,0.032,2.2,88.59,17,1010,N/A
2015,2,16,23,30,0,0,14,0.032,2.2,93.03,16,1010,N/A
2015,2,17,0,30,0,0,14,0.032,2.4000000000000004,93.49,16,1010,N/A
2015,2,17,1,30,0,0,14,0.032,2.6,93.64,16,1010,N/A
2015,2,17,2,30,0,0,14,0.032,3,93.69,16,1010,N/A
2015,2,17,3,30,0,0,15,0.032,3.6,94.34,16,1010,N/A
2015,2,17,4,30,0,0,15,0.032,3.9000000000000004,95.44,16,1010,N/A
2015,2,17,5,30,0,0,15,0.032,3.9000000000000004,96.71000000000001,16,1010,N/A
2015,2,17,6,30,0,0,15,0.032,4,97.92,16,1010,N/A
2015,2,17,7,30,0,0,15,0.032,4.1000000000000005,99.22,16,1010,N/A
2015,2,17,8,30,0,0,16,0.032,4.1000000000000005,100,16,1010,N/A
2015,2,17,9,30,0,0,16,0.032,4.1000000000000005,100,16,1010,N/A
2015,2,17,10,30,0,0,16,0.032,4,100,16,1010,N/A
2015,2,17,11,30,0,0,16,0.032,4.1000000000000005,100,16,1010,N/A
2015,2,17,12,30,28,127,17,0.032,4.4,100,17,1010,N/A
2015,2,17,13,30,92,402,17,0.032,4.800000000000001,97.79,19,1010,N/A
2015,2,17,14,30,198,283,18,0.032,5.4,94.7,20,1010,N/A
2015,2,17,15,30,283,283,18,0.032,5.800000000000001,89.13,21,1010,N/A
2015,2,17,16,30,357,157,18,0.032,6.1000000000000005,84.27,21,1010,N/A
2015,2,17,17,30,362,321,18,0.032,6.300000000000001,85.23,21,1010,N/A
2015,2,17,18,30,221,8,18,0.032,6.4,86.03,21,1010,N/A
2015,2,17,19,30,131,0,18,0.032,6.300000000000001,86.7,21,1010,N/A
2015,2,17,20,30,33,0,18,0.032,5.800000000000001,92.4,20,1010,N/A
2015,2,17,21,30,44,0,18,0.032,4.9,97.19,19,1010,N/A
2015,2,17,22,30,59,0,17,0.032,4.9,100,17,1010,N/A
2015,2,17,23,30,0,0,15,0.032,5.300000000000001,100,15,1010,N/A
2015,2,18,0,30,0,0,13,0.036000000000000004,5,100,13,1010,N/A
2015,2,18,1,30,0,0,11,0.036000000000000004,4.3,100,12,1010,N/A
2015,2,18,2,30,0,0,11,0.036000000000000004,3.6,97.51,12,1010,N/A
2015,2,18,3,30,0,0,11,0.036000000000000004,2.9000000000000004,95.42,12,1010,N/A
2015,2,18,4,30,0,0,11,0.036000000000000004,2.4000000000000004,95.55,12,1010,N/A
2015,2,18,5,30,0,0,11,0.036000000000000004,2.9000000000000004,96.54,12,1010,N/A
2015,2,18,6,30,0,0,11,0.036000000000000004,4,96.82000000000001,12,1010,N/A
2015,2,18,7,30,0,0,11,0.036000000000000004,4.7,96.10000000000001,12,1010,N/A
2015,2,18,8,30,0,0,11,0.036000000000000004,5.1000000000000005,100,12,1010,N/A
2015,2,18,9,30,0,0,10,0.036000000000000004,5.300000000000001,97.92,11,1010,N/A
2015,2,18,10,30,0,0,10,0.036000000000000004,5.1000000000000005,94.52,11,1010,N/A
2015,2,18,11,30,0,0,9,0.036000000000000004,4.7,91.23,11,1010,N/A
2015,2,18,12,30,29,228,9,0.036000000000000004,4.7,87.92,11,1020,N/A
2015,2,18,13,30,70,649,8,0.036000000000000004,5.1000000000000005,83.59,11,1020,N/A
2015,2,18,14,30,85,831,7,0.036000000000000004,5.1000000000000005,79.46000000000001,11,1020,N/A
2015,2,18,15,30,91,924,6,0.036000000000000004,5.2,70.96000000000001,12,1020,N/A
2015,2,18,16,30,93,973,6,0.036000000000000004,5.7,63.57,13,1020,N/A
2015,2,18,17,30,92,998,5,0.036000000000000004,6.2,60.6,13,1020,N/A
2015,2,18,18,30,88,1004,4,0.036000000000000004,6.5,57.77,13,1020,N/A
2015,2,18,19,30,81,989,4,0.036000000000000004,6.5,54.620000000000005,13,1020,N/A
2015,2,18,20,30,74,944,3,0.036000000000000004,6.300000000000001,55.93,12,1020,N/A
2015,2,18,21,30,63,844,3,0.036000000000000004,5.800000000000001,59.92,11,1020,N/A
2015,2,18,22,30,44,609,4,0.036000000000000004,5.1000000000000005,67.2,10,1020,N/A
2015,2,18,23,30,0,0,5,0.036000000000000004,4.9,71.45,10,1020,N/A
2015,2,19,0,30,0,0,5,0.036000000000000004,5,73.99,10,1020,N/A
2015,2,19,1,30,0,0,5,0.036000000000000004,5.4,70.38,11,1020,N/A
2015,2,19,2,30,0,0,5,0.036000000000000004,5.800000000000001,70.02,11,1020,N/A
2015,2,19,3,30,0,0,5,0.036000000000000004,6,68.04,11,1020,N/A
2015,2,19,4,30,0,0,4,0.036000000000000004,6.1000000000000005,69.37,10,1020,N/A
2015,2,19,5,30,0,0,3,0.036000000000000004,6,66.2,10,1020,N/A
2015,2,19,6,30,0,0,3,0.036000000000000004,5.9,68.39,9,1020,N/A
2015,2,19,7,30,0,0,3,0.036000000000000004,5.9,71.38,9,1020,N/A
2015,2,19,8,30,0,0,2,0.036000000000000004,5.9,69.87,8,1020,N/A
2015,2,19,9,30,0,0,2,0.036000000000000004,5.9,73.47,7,1020,N/A
2015,2,19,10,30,0,0,2,0.036000000000000004,5.7,71.85000000000001,7,1020,N/A
2015,2,19,11,30,0,0,1,0.036000000000000004,5.6000000000000005,70.37,7,1020,N/A
2015,2,19,12,30,27,362,1,0.036000000000000004,6.2,69.31,7,1020,N/A
2015,2,19,13,30,59,745,1,0.036000000000000004,6.800000000000001,65.74,7,1020,N/A
2015,2,19,14,30,74,887,0,0.036000000000000004,6.9,59.96,8,1020,N/A
2015,2,19,15,30,83,956,0,0.036000000000000004,6.9,56.77,9,1020,N/A
2015,2,19,16,30,88,991,1,0.036000000000000004,7.1000000000000005,58.050000000000004,9,1020,N/A
2015,2,19,17,30,90,1004,1,0.036000000000000004,7.1000000000000005,55.43,10,1020,N/A
2015,2,19,18,30,90,1002,1,0.036000000000000004,7,56.18,10,1020,N/A
2015,2,19,19,30,86,980,1,0.036000000000000004,6.7,60.33,9,1020,N/A
2015,2,19,20,30,78,932,1,0.036000000000000004,6.4,60.06,9,1020,N/A
2015,2,19,21,30,66,836,1,0.036000000000000004,5.9,63.39,8,1020,N/A
2015,2,19,22,30,45,613,1,0.036000000000000004,4.9,67.42,7,1020,N/A
2015,2,19,23,30,0,0,1,0.036000000000000004,4.1000000000000005,73.31,6,1020,N/A
2015,2,20,0,30,0,0,1,0.036000000000000004,4,73.55,6,1020,N/A
2015,2,20,1,30,0,0,1,0.036000000000000004,3.7,78.25,6,1020,N/A
2015,2,20,2,30,0,0,1,0.036000000000000004,3.4000000000000004,76.88,5,1020,N/A
2015,2,20,3,30,0,0,0,0.036000000000000004,3.4000000000000004,74.7,5,1020,N/A
2015,2,20,4,30,0,0,0,0.036000000000000004,3.4000000000000004,77.71000000000001,4,1020,N/A
2015,2,20,5,30,0,0,0,0.036000000000000004,3.3000000000000003,80.98,4,1020,N/A
2015,2,20,6,30,0,0,0,0.036000000000000004,3.3000000000000003,78.68,3,1020,N/A
2015,2,20,7,30,0,0,0,0.036000000000000004,3.3000000000000003,76.61,3,1020,N/A
2015,2,20,8,30,0,0,-1,0.036000000000000004,3.2,80.01,2,1020,N/A
2015,2,20,9,30,0,0,-1,0.036000000000000004,3,77.87,2,1020,N/A
2015,2,20,10,30,0,0,-1,0.036000000000000004,2.8000000000000003,81.21000000000001,2,1020,N/A
2015,2,20,11,30,0,0,-2,0.036000000000000004,3,78.81,2,1020,N/A
2015,2,20,12,30,25,410,-2,0.036000000000000004,3.6,67.57000000000001,3,1020,N/A
2015,2,20,13,30,55,761,-3,0.036000000000000004,3.9000000000000004,56.050000000000004,5,1030,N/A
2015,2,20,14,30,70,892,-3,0.036000000000000004,3.8000000000000003,46.59,7,1030,N/A
2015,2,20,15,30,82,949,-3,0.036000000000000004,3.5,44.99,8,1030,N/A
2015,2,20,16,30,88,981,-2,0.036000000000000004,3.3000000000000003,43.88,9,1030,N/A
2015,2,20,17,30,90,992,-2,0.036000000000000004,3.2,42.56,10,1020,N/A
2015,2,20,18,30,89,987,-1,0.036000000000000004,3.2,41.4,11,1020,N/A
2015,2,20,19,30,85,963,-1,0.036000000000000004,3.2,40.15,12,1020,N/A
2015,2,20,20,30,78,913,0,0.036000000000000004,3.2,41.72,12,1020,N/A
2015,2,20,21,30,66,816,0,0.036000000000000004,2.8000000000000003,46.31,11,1020,N/A
2015,2,20,22,30,45,601,1,0.036000000000000004,2.5,57.2,10,1020,N/A
2015,2,20,23,30,0,0,1,0.036000000000000004,2.8000000000000003,60.230000000000004,9,1020,N/A
2015,2,21,0,30,0,0,1,0.036000000000000004,3.4000000000000004,64.45,8,1020,N/A
2015,2,21,1,30,0,0,1,0.036000000000000004,3.8000000000000003,64.97,8,1020,N/A
2015,2,21,2,30,0,0,2,0.036000000000000004,4,71.11,7,1020,N/A
2015,2,21,3,30,0,0,2,0.036000000000000004,4.1000000000000005,73.28,7,1020,N/A
2015,2,21,4,30,0,0,3,0.036000000000000004,4.1000000000000005,81.14,6,1020,N/A
2015,2,21,5,30,0,0,3,0.036000000000000004,3.8000000000000003,83.98,6,1020,N/A
2015,2,21,6,30,0,0,4,0.036000000000000004,3.4000000000000004,87.25,6,1020,N/A
2015,2,21,7,30,0,0,4,0.036000000000000004,3.2,91.13,6,1020,N/A
2015,2,21,8,30,0,0,5,0.036000000000000004,3,95.97,6,1020,N/A
2015,2,21,9,30,0,0,6,0.036000000000000004,2.9000000000000004,100,6,1020,N/A
2015,2,21,10,30,0,0,6,0.036000000000000004,2.9000000000000004,100,7,1020,N/A
2015,2,21,11,30,0,0,7,0.036000000000000004,3.2,100,7,1020,N/A
2015,2,21,12,30,30,30,7,0.036000000000000004,3.6,92.18,9,1020,N/A
2015,2,21,13,30,120,173,8,0.036000000000000004,3.6,85.4,11,1020,N/A
2015,2,21,14,30,166,482,9,0.036000000000000004,4,75.85000000000001,14,1020,N/A
2015,2,21,15,30,262,402,10,0.036000000000000004,4.4,66.4,17,1020,N/A
2015,2,21,16,30,334,353,11,0.036000000000000004,4.2,64.82000000000001,18,1020,N/A
2015,2,21,17,30,353,376,11,0.036000000000000004,3.8000000000000003,63.18,19,1020,N/A
2015,2,21,18,30,115,906,12,0.036000000000000004,3.3000000000000003,64.45,19,1020,N/A
2015,2,21,19,30,110,876,12,0.036000000000000004,2.8000000000000003,61.17,20,1020,N/A
2015,2,21,20,30,100,821,12,0.036000000000000004,1.9000000000000001,65.58,19,1020,N/A
2015,2,21,21,30,83,713,13,0.036000000000000004,1.1,74.18,18,1020,N/A
2015,2,21,22,30,54,488,13,0.036000000000000004,0.8,80.24,17,1020,N/A
2015,2,21,23,30,0,0,11,0.036000000000000004,0.6000000000000001,71.16,17,1020,N/A
2015,2,22,0,30,0,0,11,0.036000000000000004,0.30000000000000004,69.8,17,1020,N/A
2015,2,22,1,30,0,0,11,0.036000000000000004,0.4,74.15,16,1020,N/A
2015,2,22,2,30,0,0,11,0.036000000000000004,0.6000000000000001,79.61,15,1020,N/A
2015,2,22,3,30,0,0,11,0.036000000000000004,1,86.01,14,1020,N/A
2015,2,22,4,30,0,0,11,0.036000000000000004,1.3,86.64,14,1020,N/A
2015,2,22,5,30,0,0,11,0.036000000000000004,1.5,92.57000000000001,13,1020,N/A
2015,2,22,6,30,0,0,11,0.036000000000000004,1.7000000000000002,92.87,13,1020,N/A
2015,2,22,7,30,0,0,12,0.036000000000000004,1.8,93.94,13,1020,N/A
2015,2,22,8,30,0,0,11,0.036000000000000004,1.9000000000000001,100,13,1020,N/A
2015,2,22,9,30,0,0,11,0.036000000000000004,2,100,12,1020,N/A
2015,2,22,10,30,0,0,11,0.036000000000000004,2.1,100,12,1020,N/A
2015,2,22,11,30,0,0,13,0.036000000000000004,2.3000000000000003,100,13,1020,N/A
2015,2,22,12,30,33,241,14,0.036000000000000004,2.7,95.98,15,1020,N/A
2015,2,22,13,30,73,610,15,0.036000000000000004,2.7,88.91,17,1020,N/A
2015,2,22,14,30,93,763,16,0.036000000000000004,2.4000000000000004,83.81,19,1020,N/A
2015,2,22,15,30,105,840,16,0.036000000000000004,2.3000000000000003,81.69,20,1020,N/A
2015,2,22,16,30,112,878,16,0.036000000000000004,2.1,77.91,21,1020,N/A
2015,2,22,17,30,115,891,17,0.036000000000000004,1.9000000000000001,73.41,22,1020,N/A
2015,2,22,18,30,353,352,16,0.036000000000000004,1.8,72.99,23,1020,N/A
2015,2,22,19,30,112,853,16,0.036000000000000004,1.7000000000000002,72.61,23,1020,N/A
2015,2,22,20,30,100,802,16,0.036000000000000004,1.5,72.38,22,1020,N/A
2015,2,22,21,30,83,695,16,0.036000000000000004,1.2000000000000002,77.09,21,1020,N/A
2015,2,22,22,30,55,462,17,0.036000000000000004,1,86.72,20,1020,N/A
2015,2,22,23,30,0,0,16,0.036000000000000004,0.9,91.94,18,1020,N/A
2015,2,23,0,30,0,0,16,0.036000000000000004,0.7000000000000001,91.93,18,1020,N/A
2015,2,23,1,30,0,0,16,0.036000000000000004,0.6000000000000001,98.17,17,1020,N/A
2015,2,23,2,30,0,0,16,0.036000000000000004,0.6000000000000001,98.29,17,1020,N/A
2015,2,23,3,30,0,0,16,0.036000000000000004,0.6000000000000001,98.23,17,1020,N/A
2015,2,23,4,30,0,0,16,0.036000000000000004,0.4,100,17,1020,N/A
2015,2,23,5,30,0,0,16,0.036000000000000004,0.2,100,16,1020,N/A
2015,2,23,6,30,0,0,16,0.036000000000000004,0.2,100,16,1020,N/A
2015,2,23,7,30,0,0,16,0.036000000000000004,0.2,100,16,1020,N/A
2015,2,23,8,30,0,0,16,0.036000000000000004,0.30000000000000004,100,16,1020,N/A
2015,2,23,9,30,0,0,16,0.036000000000000004,0.4,100,16,1020,N/A
2015,2,23,10,30,0,0,16,0.036000000000000004,0.5,100,16,1020,N/A
2015,2,23,11,30,0,0,16,0.036000000000000004,0.6000000000000001,100,16,1020,N/A
2015,2,23,12,30,33,248,16,0.036000000000000004,0.6000000000000001,96.7,17,1020,N/A
2015,2,23,13,30,60,0,16,0.036000000000000004,0.9,93.77,19,1020,N/A
2015,2,23,14,30,171,7,17,0.036000000000000004,1.7000000000000002,87.14,20,1020,N/A
2015,2,23,15,30,308,136,18,0.036000000000000004,2.5,84.36,21,1020,N/A
2015,2,23,16,30,370,170,18,0.036000000000000004,3,80.36,22,1020,N/A
2015,2,23,17,30,395,217,18,0.036000000000000004,3.2,80.82000000000001,22,1020,N/A
2015,2,23,18,30,130,847,18,0.036000000000000004,3.2,80.98,22,1020,N/A
2015,2,23,19,30,122,825,18,0.036000000000000004,3.1,80.75,22,1010,N/A
2015,2,23,20,30,111,769,18,0.036000000000000004,2.9000000000000004,85.69,21,1010,N/A
2015,2,23,21,30,91,661,18,0.036000000000000004,2.5,91.18,20,1010,N/A
2015,2,23,22,30,69,5,18,0.036000000000000004,2.1,97.48,19,1020,N/A
2015,2,23,23,30,0,0,18,0.036000000000000004,1.7000000000000002,100,18,1020,N/A
2015,2,24,0,30,0,0,17,0.036000000000000004,1.5,100,17,1020,N/A
2015,2,24,1,30,0,0,17,0.036000000000000004,1.3,100,17,1020,N/A
2015,2,24,2,30,0,0,17,0.036000000000000004,1.3,100,17,1020,N/A
2015,2,24,3,30,0,0,17,0.036000000000000004,1.2000000000000002,100,17,1020,N/A
2015,2,24,4,30,0,0,17,0.036000000000000004,0.9,100,17,1010,N/A
2015,2,24,5,30,0,0,17,0.036000000000000004,0.7000000000000001,100,17,1010,N/A
2015,2,24,6,30,0,0,17,0.036000000000000004,0.7000000000000001,100,17,1010,N/A
2015,2,24,7,30,0,0,16,0.036000000000000004,0.7000000000000001,100,16,1010,N/A
2015,2,24,8,30,0,0,16,0.036000000000000004,0.5,100,16,1010,N/A
2015,2,24,9,30,0,0,16,0.036000000000000004,0.4,100,16,1010,N/A
2015,2,24,10,30,0,0,16,0.036000000000000004,0.4,100,16,1010,N/A
2015,2,24,11,30,0,0,16,0.036000000000000004,0.6000000000000001,100,16,1010,N/A
2015,2,24,12,30,7,0,16,0.036000000000000004,1.3,99.22,17,1010,N/A
2015,2,24,13,30,89,0,17,0.036000000000000004,2,96.53,18,1010,N/A
2015,2,24,14,30,204,41,18,0.036000000000000004,2.7,94.3,19,1010,N/A
2015,2,24,15,30,311,182,18,0.036000000000000004,3.4000000000000004,90.96000000000001,20,1010,N/A
2015,2,24,16,30,340,67,18,0.036000000000000004,3.9000000000000004,86.65,21,1010,N/A
2015,2,24,17,30,376,73,18,0.036000000000000004,4.4,86.66,21,1010,N/A
2015,2,24,18,30,388,209,18,0.036000000000000004,4.6000000000000005,86.22,21,1010,N/A
2015,2,24,19,30,343,176,18,0.036000000000000004,4.5,90.95,20,1010,N/A
2015,2,24,20,30,266,176,18,0.036000000000000004,4.2,95.41,20,1010,N/A
2015,2,24,21,30,162,46,17,0.036000000000000004,3.6,93.89,19,1010,N/A
2015,2,24,22,30,69,299,17,0.036000000000000004,2.9000000000000004,97.79,18,1010,N/A
2015,2,24,23,30,0,0,17,0.036000000000000004,2.5,100,17,1010,N/A
2015,2,25,0,30,0,0,16,0.036000000000000004,2.2,98.58,17,1010,N/A
2015,2,25,1,30,0,0,16,0.036000000000000004,1.9000000000000001,100,16,1010,N/A
2015,2,25,2,30,0,0,15,0.036000000000000004,1.6,99.45,16,1010,N/A
2015,2,25,3,30,0,0,15,0.036000000000000004,1.3,97.68,16,1010,N/A
2015,2,25,4,30,0,0,15,0.036000000000000004,1.1,96.39,16,1010,N/A
2015,2,25,5,30,0,0,15,0.036000000000000004,0.9,95.43,16,1010,N/A
2015,2,25,6,30,0,0,15,0.036000000000000004,0.9,94.96000000000001,16,1010,N/A
2015,2,25,7,30,0,0,15,0.036000000000000004,0.9,94.84,16,1010,N/A
2015,2,25,8,30,0,0,15,0.036000000000000004,0.9,100,16,1010,N/A
2015,2,25,9,30,0,0,15,0.036000000000000004,0.9,100,15,1010,N/A
2015,2,25,10,30,0,0,15,0.036000000000000004,1.1,100,15,1010,N/A
2015,2,25,11,30,0,0,15,0.036000000000000004,1.2000000000000002,100,15,1010,N/A
2015,2,25,12,30,18,0,15,0.036000000000000004,1,97.27,16,1010,N/A
2015,2,25,13,30,77,0,16,0.036000000000000004,0.6000000000000001,95.59,17,1010,N/A
2015,2,25,14,30,90,0,17,0.036000000000000004,0.6000000000000001,94.23,19,1010,N/A
2015,2,25,15,30,187,3,17,0.036000000000000004,1.4000000000000001,87.17,20,1010,N/A
2015,2,25,16,30,247,12,18,0.036000000000000004,2.6,85.58,21,1010,N/A
2015,2,25,17,30,219,8,18,0.036000000000000004,3.7,88.17,22,1010,N/A
2015,2,25,18,30,370,73,19,0.036000000000000004,4.6000000000000005,84.08,22,1010,N/A
2015,2,25,19,30,301,404,19,0.036000000000000004,5.300000000000001,83.69,22,1010,N/A
2015,2,25,20,30,260,257,18,0.036000000000000004,5.5,87.15,21,1000,N/A
2015,2,25,21,30,169,219,18,0.036000000000000004,5.2,90.84,21,1000,N/A
2015,2,25,22,30,69,302,18,0.036000000000000004,4.9,96.26,20,1000,N/A
2015,2,25,23,30,0,0,18,0.036000000000000004,5,96.02,19,1000,N/A
2015,2,26,0,30,0,0,18,0.037,5.4,97.97,19,1000,N/A
2015,2,26,1,30,0,0,19,0.037,5.800000000000001,100,19,1000,N/A
2015,2,26,2,30,0,0,19,0.037,6.1000000000000005,100,19,1000,N/A
2015,2,26,3,30,0,0,19,0.037,6.4,100,19,1000,N/A
2015,2,26,4,30,0,0,19,0.037,6.5,100,19,1000,N/A
2015,2,26,5,30,0,0,19,0.037,6.9,100,19,1000,N/A
2015,2,26,6,30,0,0,19,0.037,7.6000000000000005,100,19,1000,N/A
2015,2,26,7,30,0,0,19,0.037,7.7,99.18,20,1000,N/A
2015,2,26,8,30,0,0,20,0.037,7.2,100,20,1000,N/A
2015,2,26,9,30,0,0,19,0.037,6.1000000000000005,100,19,1000,N/A
2015,2,26,10,30,0,0,18,0.037,5.4,100,18,1000,N/A
2015,2,26,11,30,0,0,17,0.037,5.300000000000001,100,17,1010,N/A
2015,2,26,12,30,43,138,17,0.037,5.4,100,17,1010,N/A
2015,2,26,13,30,103,473,15,0.037,5.300000000000001,93.73,17,1010,N/A
2015,2,26,14,30,223,239,15,0.037,5.1000000000000005,89.26,17,1010,N/A
2015,2,26,15,30,303,261,14,0.037,4.9,86.69,17,1010,N/A
2015,2,26,16,30,217,8,14,0.037,4.7,80.48,18,1010,N/A
2015,2,26,17,30,250,12,14,0.037,4.7,79.99,18,1010,N/A
2015,2,26,18,30,135,0,14,0.037,4.7,79.25,18,1010,N/A
2015,2,26,19,30,83,0,14,0.037,4.6000000000000005,83.22,17,1010,N/A
2015,2,26,20,30,159,0,13,0.037,4.5,87.08,16,1010,N/A
2015,2,26,21,30,113,0,13,0.037,4.3,90.49,15,1010,N/A
2015,2,26,22,30,68,370,12,0.037,4.1000000000000005,93.46000000000001,14,1010,N/A
2015,2,26,23,30,0,0,12,0.037,4,90.41,14,1010,N/A
2015,2,27,0,30,0,0,11,0.037,3.9000000000000004,93.56,13,1010,N/A
2015,2,27,1,30,0,0,11,0.037,3.8000000000000003,90.95,13,1010,N/A
2015,2,27,2,30,0,0,11,0.037,3.5,88.78,13,1010,N/A
2015,2,27,3,30,0,0,10,0.037,3.2,93.28,13,1010,N/A
2015,2,27,4,30,0,0,10,0.037,3.2,92.17,12,1010,N/A
2015,2,27,5,30,0,0,10,0.037,3.4000000000000004,91.38,12,1010,N/A
2015,2,27,6,30,0,0,10,0.037,3.7,90.93,12,1010,N/A
2015,2,27,7,30,0,0,10,0.037,3.9000000000000004,96.97,12,1010,N/A
2015,2,27,8,30,0,0,10,0.037,4,97.09,11,1010,N/A
2015,2,27,9,30,0,0,10,0.037,4.1000000000000005,97.54,11,1020,N/A
2015,2,27,10,30,0,0,10,0.037,4.3,97.93,11,1020,N/A
2015,2,27,11,30,0,0,10,0.037,4.6000000000000005,97.82000000000001,11,1020,N/A
2015,2,27,12,30,3,0,10,0.037,4.9,97.5,12,1020,N/A
2015,2,27,13,30,9,0,10,0.037,5,91.09,12,1020,N/A
2015,2,27,14,30,159,0,10,0.037,4.800000000000001,86.03,13,1020,N/A
2015,2,27,15,30,249,20,10,0.037,4.5,81.58,14,1020,N/A
2015,2,27,16,30,252,13,11,0.037,4.1000000000000005,77.77,15,1020,N/A
2015,2,27,17,30,403,126,11,0.037,4,79.08,15,1020,N/A
2015,2,27,18,30,367,340,11,0.037,3.9000000000000004,75.60000000000001,16,1020,N/A
2015,2,27,19,30,290,31,11,0.037,4,76.84,16,1020,N/A
2015,2,27,20,30,188,5,12,0.037,4.1000000000000005,77.71000000000001,16,1020,N/A
2015,2,27,21,30,31,0,12,0.037,4.3,78.25,16,1020,N/A
2015,2,27,22,30,31,0,12,0.037,4.4,83.32000000000001,15,1020,N/A
2015,2,27,23,30,0,0,12,0.037,4.7,87.79,14,1020,N/A
2015,2,28,0,30,0,0,11,0.037,5,91.56,13,1020,N/A
2015,2,28,1,30,0,0,11,0.037,5,88.74,13,1020,N/A
2015,2,28,2,30,0,0,10,0.037,4.800000000000001,92.18,12,1020,N/A
2015,2,28,3,30,0,0,10,0.037,4.7,91.01,12,1020,N/A
2015,2,28,4,30,0,0,10,0.037,4.6000000000000005,91.61,12,1020,N/A
2015,2,28,5,30,0,0,11,0.037,4.3,93.62,12,1020,N/A
2015,2,28,6,30,0,0,11,0.037,4.1000000000000005,96.49000000000001,12,1020,N/A
2015,2,28,7,30,0,0,11,0.037,4,99.31,12,1020,N/A
2015,2,28,8,30,0,0,12,0.037,3.9000000000000004,95.23,13,1020,N/A
2015,2,28,9,30,0,0,12,0.037,3.8000000000000003,97.21000000000001,13,1020,N/A
2015,2,28,10,30,0,0,12,0.037,3.8000000000000003,99.26,13,1020,N/A
2015,2,28,11,30,0,0,13,0.037,4,100,13,1020,N/A
2015,2,28,12,30,2,0,13,0.037,4.1000000000000005,97.9,14,1020,N/A
2015,2,28,13,30,9,0,14,0.037,4.3,96.10000000000001,15,1020,N/A
2015,2,28,14,30,139,0,15,0.037,4.5,96.22,16,1020,N/A
2015,2,28,15,30,271,32,16,0.037,4.800000000000001,96.43,17,1020,N/A
2015,2,28,16,30,22,0,17,0.037,4.9,95.38,18,1020,N/A
2015,2,28,17,30,69,0,17,0.037,5.1000000000000005,93.06,19,1020,N/A
2015,2,28,18,30,21,0,18,0.037,5.300000000000001,95.19,20,1020,N/A
2015,2,28,19,30,81,0,18,0.037,5.6000000000000005,90.4,20,1020,N/A
2015,2,28,20,30,208,13,18,0.037,5.800000000000001,96.51,19,1020,N/A
2015,2,28,21,30,13,0,18,0.037,5.7,96.17,19,1020,N/A
2015,2,28,22,30,20,0,18,0.037,5.7,100,18,1020,N/A
2015,2,28,23,30,0,0,17,0.037,5.9,98.12,18,1020,N/A
2015,3,1,0,30,0,0,17,0.037,6.1000000000000005,100,17,1020,N/A
2015,3,1,1,30,0,0,17,0.037,6.2,100,17,1020,N/A
2015,3,1,2,30,0,0,17,0.037,6,100,17,1020,N/A
2015,3,1,3,30,0,0,17,0.037,5.5,100,17,1020,N/A
2015,3,1,4,30,0,0,17,0.037,5,100,17,1020,N/A
2015,3,1,5,30,0,0,17,0.037,4.5,100,17,1020,N/A
2015,3,1,6,30,0,0,17,0.037,4,100,17,1020,N/A
2015,3,1,7,30,0,0,17,0.037,3.5,100,17,1020,N/A
2015,3,1,8,30,0,0,17,0.037,3.2,100,17,1020,N/A
2015,3,1,9,30,0,0,17,0.037,3.4000000000000004,100,17,1020,N/A
2015,3,1,10,30,0,0,17,0.037,3.6,100,17,1020,N/A
2015,3,1,11,30,0,0,17,0.037,3.7,100,17,1020,N/A
2015,3,1,12,30,47,157,17,0.037,3.7,99.65,18,1020,N/A
2015,3,1,13,30,102,493,18,0.037,3.5,98.99000000000001,19,1020,N/A
2015,3,1,14,30,230,227,19,0.037,3.3000000000000003,91.85000000000001,21,1020,N/A
2015,3,1,15,30,322,151,19,0.037,3,88,22,1020,N/A
2015,3,1,16,30,136,820,20,0.037,2.5,83.43,23,1020,N/A
2015,3,1,17,30,134,845,20,0.037,1.9000000000000001,78.63,24,1020,N/A
2015,3,1,18,30,148,811,19,0.037,1.4000000000000001,73.78,25,1020,N/A
2015,3,1,19,30,146,773,19,0.037,1.1,73.05,25,1020,N/A
2015,3,1,20,30,133,710,19,0.037,1.1,76.66,25,1020,N/A
2015,3,1,21,30,114,581,19,0.037,1,77.03,24,1020,N/A
2015,3,1,22,30,75,7,20,0.037,0.9,84.72,23,1020,N/A
2015,3,1,23,30,0,0,19,0.037,1.1,92.01,21,1020,N/A
2015,3,2,0,30,0,0,19,0.037,1.5,91.3,21,1020,N/A
2015,3,2,1,30,0,0,19,0.037,2,96.91,20,1020,N/A
2015,3,2,2,30,0,0,19,0.037,2.3000000000000003,96.47,20,1020,N/A
2015,3,2,3,30,0,0,19,0.037,2.4000000000000004,100,19,1020,N/A
2015,3,2,4,30,0,0,19,0.037,2.2,100,19,1020,N/A
2015,3,2,5,30,0,0,19,0.037,2,100,19,1020,N/A
2015,3,2,6,30,0,0,18,0.037,1.9000000000000001,100,18,1020,N/A
2015,3,2,7,30,0,0,18,0.037,1.9000000000000001,100,18,1020,N/A
2015,3,2,8,30,0,0,18,0.037,1.8,100,18,1020,N/A
2015,3,2,9,30,0,0,18,0.037,1.7000000000000002,100,18,1020,N/A
2015,3,2,10,30,0,0,17,0.037,1.7000000000000002,100,18,1020,N/A
2015,3,2,11,30,0,0,17,0.037,2,100,18,1020,N/A
2015,3,2,12,30,36,0,18,0.037,2.2,97.79,19,1020,N/A
2015,3,2,13,30,135,60,19,0.037,1.9000000000000001,94.89,20,1020,N/A
2015,3,2,14,30,237,178,19,0.037,1.5,87,22,1020,N/A
2015,3,2,15,30,325,160,19,0.037,1.2000000000000002,83.17,23,1020,N/A
2015,3,2,16,30,136,826,20,0.037,1,78.60000000000001,24,1020,N/A
2015,3,2,17,30,141,837,20,0.037,0.9,73.91,25,1020,N/A
2015,3,2,18,30,136,836,19,0.037,0.9,73.52,25,1020,N/A
2015,3,2,19,30,134,801,19,0.037,0.9,72.96000000000001,25,1020,N/A
2015,3,2,20,30,120,746,19,0.037,1,76.85000000000001,24,1020,N/A
2015,3,2,21,30,107,614,19,0.037,1.1,81.58,23,1020,N/A
2015,3,2,22,30,71,379,20,0.037,1.2000000000000002,89.26,22,1020,N/A
2015,3,2,23,30,0,0,19,0.037,1.4000000000000001,91.81,21,1020,N/A
2015,3,3,0,30,0,0,19,0.037,1.4000000000000001,94.87,20,1020,N/A
2015,3,3,1,30,0,0,18,0.037,1.4000000000000001,99.11,20,1020,N/A
2015,3,3,2,30,0,0,18,0.037,1.4000000000000001,97.42,19,1020,N/A
2015,3,3,3,30,0,0,18,0.037,1.4000000000000001,100,19,1020,N/A
2015,3,3,4,30,0,0,18,0.037,1.4000000000000001,100,18,1020,N/A
2015,3,3,5,30,0,0,18,0.037,1.4000000000000001,100,18,1020,N/A
2015,3,3,6,30,0,0,17,0.037,1.5,100,17,1020,N/A
2015,3,3,7,30,0,0,17,0.037,1.5,100,17,1020,N/A
2015,3,3,8,30,0,0,17,0.037,1.5,100,17,1020,N/A
2015,3,3,9,30,0,0,17,0.037,1.5,100,17,1020,N/A
2015,3,3,10,30,0,0,17,0.037,1.5,100,17,1020,N/A
2015,3,3,11,30,0,0,17,0.037,2,100,17,1020,N/A
2015,3,3,12,30,38,365,18,0.037,2.5,94.94,19,1020,N/A
2015,3,3,13,30,69,677,18,0.037,2.8000000000000003,93.62,20,1020,N/A
2015,3,3,14,30,83,812,19,0.037,2.9000000000000004,91.11,22,1020,N/A
2015,3,3,15,30,91,879,19,0.037,2.9000000000000004,85.75,23,1020,N/A
2015,3,3,16,30,358,348,19,0.037,2.7,79.99,24,1020,N/A
2015,3,3,17,30,101,916,19,0.037,2.5,75.08,24,1020,N/A
2015,3,3,18,30,379,326,19,0.037,2.4000000000000004,70.68,25,1020,N/A
2015,3,3,19,30,321,369,19,0.037,2.2,70.49,25,1010,N/A
2015,3,3,20,30,263,65,19,0.037,1.7000000000000002,70.41,25,1010,N/A
2015,3,3,21,30,89,688,19,0.037,1.1,75.62,24,1010,N/A
2015,3,3,22,30,61,469,20,0.037,0.6000000000000001,89.42,23,1010,N/A
2015,3,3,23,30,0,0,19,0.037,0.5,91.4,21,1010,N/A
2015,3,4,0,30,0,0,19,0.037,0.5,90.01,21,1020,N/A
2015,3,4,1,30,0,0,19,0.037,0.7000000000000001,95.03,20,1020,N/A
2015,3,4,2,30,0,0,19,0.037,1.1,94.25,20,1020,N/A
2015,3,4,3,30,0,0,18,0.037,1.3,99.5,19,1020,N/A
2015,3,4,4,30,0,0,18,0.037,1.3,98.99000000000001,19,1020,N/A
2015,3,4,5,30,0,0,18,0.037,1.3,100,18,1020,N/A
2015,3,4,6,30,0,0,18,0.037,1.4000000000000001,100,18,1010,N/A
2015,3,4,7,30,0,0,17,0.037,1.6,100,17,1010,N/A
2015,3,4,8,30,0,0,17,0.037,1.8,100,17,1010,N/A
2015,3,4,9,30,0,0,17,0.037,1.9000000000000001,100,17,1010,N/A
2015,3,4,10,30,0,0,17,0.037,1.9000000000000001,100,17,1020,N/A
2015,3,4,11,30,0,0,18,0.037,2.3000000000000003,100,18,1020,N/A
2015,3,4,12,30,40,374,18,0.037,2.7,99.02,19,1020,N/A
2015,3,4,13,30,74,674,19,0.037,2.9000000000000004,91.07000000000001,21,1020,N/A
2015,3,4,14,30,92,801,19,0.037,3.2,88.34,22,1020,N/A
2015,3,4,15,30,101,869,20,0.037,3.3000000000000003,83.87,23,1020,N/A
2015,3,4,16,30,105,907,20,0.037,3.3000000000000003,78.59,24,1020,N/A
2015,3,4,17,30,106,920,19,0.037,3.3000000000000003,78,25,1010,N/A
2015,3,4,18,30,107,910,19,0.037,3.3000000000000003,73.10000000000001,25,1010,N/A
2015,3,4,19,30,102,886,19,0.037,3.2,77.34,24,1010,N/A
2015,3,4,20,30,93,838,19,0.037,3.1,77.27,24,1010,N/A
2015,3,4,21,30,79,742,19,0.037,2.6,81.87,23,1010,N/A
2015,3,4,22,30,55,541,20,0.037,1.8,88.48,22,1010,N/A
2015,3,4,23,30,0,0,19,0.037,1.4000000000000001,98.56,20,1010,N/A
2015,3,5,0,30,0,0,19,0.037,1.2000000000000002,97.78,20,1010,N/A
2015,3,5,1,30,0,0,19,0.037,1.2000000000000002,100,19,1010,N/A
2015,3,5,2,30,0,0,19,0.037,1.3,100,19,1010,N/A
2015,3,5,3,30,0,0,19,0.037,1.7000000000000002,100,19,1010,N/A
2015,3,5,4,30,0,0,18,0.037,2.1,100,19,1010,N/A
2015,3,5,5,30,0,0,18,0.037,2.5,100,18,1010,N/A
2015,3,5,6,30,0,0,18,0.037,2.7,100,18,1010,N/A
2015,3,5,7,30,0,0,18,0.037,2.6,100,18,1010,N/A
2015,3,5,8,30,0,0,18,0.037,2.2,100,18,1010,N/A
2015,3,5,9,30,0,0,17,0.037,1.8,100,18,1010,N/A
2015,3,5,10,30,0,0,17,0.037,1.4000000000000001,100,18,1010,N/A
2015,3,5,11,30,0,0,18,0.037,1.4000000000000001,100,18,1010,N/A
2015,3,5,12,30,47,299,19,0.037,2,97.57000000000001,20,1020,N/A
2015,3,5,13,30,91,595,20,0.037,2.8000000000000003,95.44,21,1020,N/A
2015,3,5,14,30,235,261,20,0.037,3.3000000000000003,91.15,22,1020,N/A
2015,3,5,15,30,128,807,20,0.037,3.6,86.04,23,1020,N/A
2015,3,5,16,30,132,853,20,0.037,3.8000000000000003,81.23,24,1020,N/A
2015,3,5,17,30,132,874,20,0.037,3.9000000000000004,81.47,24,1010,N/A
2015,3,5,18,30,403,242,20,0.037,3.9000000000000004,81.55,24,1010,N/A
2015,3,5,19,30,361,180,20,0.037,3.8000000000000003,81.56,24,1010,N/A
2015,3,5,20,30,108,802,20,0.037,3.6,86.26,24,1010,N/A
2015,3,5,21,30,90,703,20,0.037,3,86.10000000000001,23,1010,N/A
2015,3,5,22,30,62,489,20,0.037,2.1,92.5,22,1010,N/A
2015,3,5,23,30,0,0,20,0.037,1.5,100,20,1010,N/A
2015,3,6,0,30,0,0,20,0.034,1.5,100,20,1020,N/A
2015,3,6,1,30,0,0,20,0.034,1.5,100,20,1020,N/A
2015,3,6,2,30,0,0,19,0.034,1.5,100,19,1020,N/A
2015,3,6,3,30,0,0,19,0.034,1.5,100,19,1020,N/A
2015,3,6,4,30,0,0,19,0.034,1.5,100,19,1020,N/A
2015,3,6,5,30,0,0,19,0.034,1.5,100,19,1020,N/A
2015,3,6,6,30,0,0,19,0.034,1.5,100,19,1020,N/A
2015,3,6,7,30,0,0,19,0.034,1.6,100,19,1010,N/A
2015,3,6,8,30,0,0,18,0.034,1.9000000000000001,100,18,1010,N/A
2015,3,6,9,30,0,0,18,0.034,2.3000000000000003,100,18,1020,N/A
2015,3,6,10,30,0,0,18,0.034,2.8000000000000003,100,18,1020,N/A
2015,3,6,11,30,0,0,18,0.034,3.2,100,18,1020,N/A
2015,3,6,12,30,10,0,17,0.034,3.4000000000000004,99.41,19,1020,N/A
2015,3,6,13,30,122,1,17,0.034,3.1,87.53,20,1020,N/A
2015,3,6,14,30,113,0,18,0.034,2.4000000000000004,83.18,21,1020,N/A
2015,3,6,15,30,308,58,18,0.034,1.6,79.64,22,1020,N/A
2015,3,6,16,30,207,6,18,0.034,1.4000000000000001,75.68,23,1020,N/A
2015,3,6,17,30,386,60,18,0.034,2,75.94,23,1020,N/A
2015,3,6,18,30,192,5,18,0.034,3,80.14,23,1020,N/A
2015,3,6,19,30,230,10,18,0.034,3.8000000000000003,78.96000000000001,22,1020,N/A
2015,3,6,20,30,227,20,17,0.034,4.4,82.44,21,1020,N/A
2015,3,6,21,30,96,0,17,0.034,4.7,85.71000000000001,20,1020,N/A
2015,3,6,22,30,47,0,17,0.034,4.9,95.07000000000001,18,1020,N/A
2015,3,6,23,30,0,0,16,0.034,4.9,93.85000000000001,18,1020,N/A
2015,3,7,0,30,0,0,16,0.034,5.2,99.49000000000001,17,1020,N/A
2015,3,7,1,30,0,0,16,0.034,5.4,100,16,1020,N/A
2015,3,7,2,30,0,0,15,0.034,5.4,100,15,1020,N/A
2015,3,7,3,30,0,0,14,0.034,5.1000000000000005,100,14,1020,N/A
2015,3,7,4,30,0,0,12,0.034,4.7,99.91,13,1020,N/A
2015,3,7,5,30,0,0,12,0.034,4.6000000000000005,94.08,13,1020,N/A
2015,3,7,6,30,0,0,11,0.034,4.6000000000000005,97.22,12,1020,N/A
2015,3,7,7,30,0,0,11,0.034,4.9,95.19,12,1020,N/A
2015,3,7,8,30,0,0,10,0.034,5,93.24,12,1020,N/A
2015,3,7,9,30,0,0,10,0.034,5.1000000000000005,97.76,11,1020,N/A
2015,3,7,10,30,0,0,10,0.034,5,96.51,11,1020,N/A
2015,3,7,11,30,0,0,10,0.034,5,96.05,11,1020,N/A
2015,3,7,12,30,3,0,10,0.034,5,96.77,11,1020,N/A
2015,3,7,13,30,120,0,10,0.034,5.1000000000000005,87.41,13,1020,N/A
2015,3,7,14,30,189,10,11,0.034,5,81.17,15,1020,N/A
2015,3,7,15,30,280,30,12,0.034,4.800000000000001,81.5,16,1020,N/A
2015,3,7,16,30,168,794,14,0.034,4.5,77.57000000000001,18,1020,N/A
2015,3,7,17,30,416,188,15,0.034,4.1000000000000005,78.4,19,1020,N/A
2015,3,7,18,30,412,149,16,0.034,3.6,78.5,20,1020,N/A
2015,3,7,19,30,173,753,17,0.034,3,77.97,21,1020,N/A
2015,3,7,20,30,158,688,17,0.034,2.8000000000000003,80.21000000000001,21,1020,N/A
2015,3,7,21,30,182,72,17,0.034,2.7,80.89,21,1020,N/A
2015,3,7,22,30,28,0,17,0.034,2.7,86.21000000000001,20,1020,N/A
2015,3,7,23,30,0,0,17,0.034,3.3000000000000003,89.77,19,1020,N/A
2015,3,8,0,30,0,0,16,0.034,4.1000000000000005,93.15,18,1020,N/A
2015,3,8,1,30,0,0,16,0.034,4.4,96.67,17,1020,N/A
2015,3,8,2,30,0,0,16,0.034,4.4,94.07000000000001,17,1020,N/A
2015,3,8,3,30,0,0,15,0.034,4.1000000000000005,97.26,16,1020,N/A
2015,3,8,4,30,0,0,15,0.034,4,94.17,16,1020,N/A
2015,3,8,5,30,0,0,14,0.034,3.8000000000000003,97.89,16,1020,N/A
2015,3,8,6,30,0,0,14,0.034,3.8000000000000003,96.13,15,1020,N/A
2015,3,8,7,30,0,0,14,0.034,3.8000000000000003,94.84,15,1020,N/A
2015,3,8,8,30,0,0,14,0.034,3.8000000000000003,93.9,15,1020,N/A
2015,3,8,9,30,0,0,13,0.034,3.9000000000000004,93.15,15,1020,N/A
2015,3,8,10,30,0,0,13,0.034,4,98.96000000000001,15,1020,N/A
2015,3,8,11,30,0,0,13,0.034,4.2,99,15,1020,N/A
2015,3,8,12,30,49,338,14,0.034,4.4,88.04,16,1020,N/A
2015,3,8,13,30,84,645,14,0.034,4.5,80.03,18,1020,N/A
2015,3,8,14,30,102,781,15,0.034,4.4,73.97,20,1020,N/A
2015,3,8,15,30,124,827,15,0.034,3.8000000000000003,72.76,21,1020,N/A
2015,3,8,16,30,128,868,16,0.034,3.1,71.38,22,1020,N/A
2015,3,8,17,30,129,884,16,0.034,2.7,68.46000000000001,23,1020,N/A
2015,3,8,18,30,123,887,16,0.034,2.3000000000000003,68.95,23,1020,N/A
2015,3,8,19,30,115,865,16,0.034,1.9000000000000001,64.6,24,1020,N/A
2015,3,8,20,30,105,814,16,0.034,1.7000000000000002,63.7,24,1020,N/A
2015,3,8,21,30,181,243,16,0.034,1.6,67.56,23,1020,N/A
2015,3,8,22,30,83,16,17,0.034,1.5,74.76,22,1020,N/A
2015,3,8,23,30,0,0,16,0.034,1.9000000000000001,82.22,21,1020,N/A
2015,3,9,0,30,0,0,16,0.034,2.7,81.05,20,1020,N/A
2015,3,9,1,30,0,0,16,0.034,3.3000000000000003,85.98,19,1020,N/A
2015,3,9,2,30,0,0,16,0.034,3.6,90.66,18,1020,N/A
2015,3,9,3,30,0,0,16,0.034,3.6,89.02,18,1020,N/A
2015,3,9,4,30,0,0,15,0.034,3.4000000000000004,93.23,17,1020,N/A
2015,3,9,5,30,0,0,15,0.034,3.4000000000000004,91.91,17,1020,N/A
2015,3,9,6,30,0,0,15,0.034,3.3000000000000003,96.49000000000001,16,1020,N/A
2015,3,9,7,30,0,0,15,0.034,3,95.47,16,1020,N/A
2015,3,9,8,30,0,0,15,0.034,2.7,95.02,16,1020,N/A
2015,3,9,9,30,0,0,15,0.034,2.7,95.18,16,1020,N/A
2015,3,9,10,30,0,0,15,0.034,2.9000000000000004,95.8,16,1020,N/A
2015,3,9,11,30,0,0,15,0.034,3.5,96.84,16,1020,N/A
2015,3,9,12,30,49,0,15,0.034,4,87.65,18,1020,N/A
2015,3,9,13,30,78,0,16,0.034,3.9000000000000004,81.05,20,1020,N/A
2015,3,9,14,30,218,29,17,0.034,3.6,74.91,22,1020,N/A
2015,3,9,15,30,341,148,17,0.034,3.4000000000000004,71.75,23,1020,N/A
2015,3,9,16,30,104,903,17,0.034,3,68.05,24,1020,N/A
2015,3,9,17,30,108,912,17,0.034,2.8000000000000003,68.65,24,1020,N/A
2015,3,9,18,30,112,899,18,0.034,2.6,65.19,25,1010,N/A
2015,3,9,19,30,113,862,18,0.034,2.4000000000000004,65.3,25,1010,N/A
2015,3,9,20,30,238,436,18,0.034,2.3000000000000003,65.21000000000001,25,1010,N/A
2015,3,9,21,30,175,39,18,0.034,2.2,69.64,24,1010,N/A
2015,3,9,22,30,70,451,18,0.034,2.1,76.15,23,1010,N/A
2015,3,9,23,30,0,0,18,0.034,2.7,79.98,22,1010,N/A
2015,3,10,0,30,0,0,18,0.034,3.5,84.57000000000001,21,1010,N/A
2015,3,10,1,30,0,0,18,0.034,4.1000000000000005,85.24,21,1020,N/A
2015,3,10,2,30,0,0,18,0.034,4.3,86.63,21,1020,N/A
2015,3,10,3,30,0,0,18,0.034,4.3,93.95,20,1020,N/A
2015,3,10,4,30,0,0,19,0.034,4.1000000000000005,95.64,20,1020,N/A
2015,3,10,5,30,0,0,19,0.034,3.8000000000000003,96.78,20,1010,N/A
2015,3,10,6,30,0,0,19,0.034,3.3000000000000003,100,19,1010,N/A
2015,3,10,7,30,0,0,19,0.034,2.9000000000000004,100,19,1010,N/A
2015,3,10,8,30,0,0,18,0.034,2.6,100,19,1010,N/A
2015,3,10,9,30,0,0,18,0.034,2.6,100,18,1010,N/A
2015,3,10,10,30,0,0,18,0.034,2.7,100,18,1020,N/A
2015,3,10,11,30,0,0,19,0.034,3.1,100,19,1020,N/A
2015,3,10,12,30,52,2,19,0.034,3.7,99.36,21,1020,N/A
2015,3,10,13,30,154,160,20,0.034,3.7,90.19,22,1020,N/A
2015,3,10,14,30,132,678,20,0.034,3.6,84.10000000000001,23,1020,N/A
2015,3,10,15,30,80,926,19,0.034,3.3000000000000003,77.07000000000001,24,1020,N/A
2015,3,10,16,30,85,950,19,0.034,3,70.78,25,1020,N/A
2015,3,10,17,30,90,954,19,0.034,2.5,65.54,26,1020,N/A
2015,3,10,18,30,98,930,18,0.034,2.2,64.87,26,1010,N/A
2015,3,10,19,30,101,889,18,0.034,1.9000000000000001,64.67,26,1010,N/A
2015,3,10,20,30,98,825,18,0.034,1.5,68.96000000000001,25,1010,N/A
2015,3,10,21,30,90,704,19,0.034,1.2000000000000002,74.95,24,1010,N/A
2015,3,10,22,30,66,480,19,0.034,1,81.68,23,1010,N/A
2015,3,10,23,30,0,0,20,0.034,0.8,89.46000000000001,22,1010,N/A
2015,3,11,0,30,0,0,20,0.034,0.8,88.82000000000001,22,1020,N/A
2015,3,11,1,30,0,0,20,0.034,0.8,88.87,22,1020,N/A
2015,3,11,2,30,0,0,20,0.034,0.9,94.07000000000001,21,1020,N/A
2015,3,11,3,30,0,0,19,0.034,0.9,99.16,20,1020,N/A
2015,3,11,4,30,0,0,19,0.034,1.1,98.67,20,1020,N/A
2015,3,11,5,30,0,0,19,0.034,1.4000000000000001,98.69,20,1020,N/A
2015,3,11,6,30,0,0,19,0.034,1.8,99.45,20,1020,N/A
2015,3,11,7,30,0,0,20,0.034,2.1,100,20,1020,N/A
2015,3,11,8,30,0,0,20,0.034,2.1,100,20,1020,N/A
2015,3,11,9,30,0,0,20,0.034,1.9000000000000001,100,20,1020,N/A
2015,3,11,10,30,0,0,20,0.034,1.9000000000000001,100,20,1020,N/A
2015,3,11,11,30,0,0,20,0.034,2.3000000000000003,100,20,1020,N/A
2015,3,11,12,30,28,0,21,0.034,2.8000000000000003,100,21,1020,N/A
2015,3,11,13,30,151,221,21,0.034,3,92.23,23,1020,N/A
2015,3,11,14,30,99,779,21,0.034,2.9000000000000004,86.05,24,1020,N/A
2015,3,11,15,30,118,828,21,0.034,2.8000000000000003,79.24,25,1020,N/A
2015,3,11,16,30,125,864,20,0.034,2.6,72.92,26,1020,N/A
2015,3,11,17,30,128,874,20,0.034,2.4000000000000004,71.33,26,1020,N/A
2015,3,11,18,30,130,862,20,0.034,2.1,65.86,27,1020,N/A
2015,3,11,19,30,128,825,19,0.034,1.8,64.93,27,1010,N/A
2015,3,11,20,30,124,752,19,0.034,1.5,68.89,26,1010,N/A
2015,3,11,21,30,114,616,20,0.034,1.2000000000000002,74.10000000000001,25,1010,N/A
2015,3,11,22,30,80,380,20,0.034,1.2000000000000002,82.03,24,1010,N/A
2015,3,11,23,30,0,0,21,0.034,1.3,96.19,23,1020,N/A
2015,3,12,0,30,0,0,21,0.034,1.6,96.60000000000001,22,1020,N/A
2015,3,12,1,30,0,0,21,0.034,1.7000000000000002,97.27,22,1020,N/A
2015,3,12,2,30,0,0,21,0.034,1.7000000000000002,100,21,1020,N/A
2015,3,12,3,30,0,0,21,0.034,1.5,100,21,1020,N/A
2015,3,12,4,30,0,0,21,0.034,1.2000000000000002,100,21,1020,N/A
2015,3,12,5,30,0,0,21,0.034,1.1,100,21,1020,N/A
2015,3,12,6,30,0,0,21,0.034,0.9,100,21,1020,N/A
2015,3,12,7,30,0,0,21,0.034,0.8,100,21,1020,N/A
2015,3,12,8,30,0,0,21,0.034,0.6000000000000001,100,21,1020,N/A
2015,3,12,9,30,0,0,21,0.034,0.6000000000000001,100,21,1020,N/A
2015,3,12,10,30,0,0,20,0.034,0.8,99.86,21,1020,N/A
2015,3,12,11,30,0,0,20,0.034,1.1,99.88,21,1020,N/A
2015,3,12,12,30,51,0,21,0.034,1.5,100,21,1020,N/A
2015,3,12,13,30,147,282,21,0.034,1.8,99.51,22,1020,N/A
2015,3,12,14,30,222,400,21,0.034,1.9000000000000001,93.42,23,1020,N/A
2015,3,12,15,30,281,458,21,0.034,2,86.23,24,1020,N/A
2015,3,12,16,30,340,439,20,0.034,2.1,78.23,25,1020,N/A
2015,3,12,17,30,342,487,20,0.034,2,70.48,26,1020,N/A
2015,3,12,18,30,125,871,19,0.034,1.9000000000000001,64.17,27,1020,N/A
2015,3,12,19,30,367,238,19,0.034,1.8,62.33,27,1020,N/A
2015,3,12,20,30,234,464,18,0.034,1.7000000000000002,64.98,27,1010,N/A
2015,3,12,21,30,131,540,19,0.034,1.6,70.23,26,1010,N/A
2015,3,12,22,30,75,0,19,0.034,1.6,77.09,24,1020,N/A
2015,3,12,23,30,0,0,19,0.034,2.3000000000000003,80.75,23,1020,N/A
2015,3,13,0,30,0,0,19,0.034,3.3000000000000003,79.85000000000001,23,1020,N/A
2015,3,13,1,30,0,0,19,0.034,3.9000000000000004,85.10000000000001,22,1020,N/A
2015,3,13,2,30,0,0,19,0.034,4.1000000000000005,91.94,21,1020,N/A
2015,3,13,3,30,0,0,20,0.034,4.1000000000000005,94.77,21,1020,N/A
2015,3,13,4,30,0,0,20,0.034,3.9000000000000004,97.59,21,1020,N/A
2015,3,13,5,30,0,0,20,0.034,3.8000000000000003,99.81,21,1020,N/A
2015,3,13,6,30,0,0,21,0.034,3.8000000000000003,100,21,1020,N/A
2015,3,13,7,30,0,0,21,0.034,3.9000000000000004,100,21,1020,N/A
2015,3,13,8,30,0,0,21,0.034,3.7,100,21,1020,N/A
2015,3,13,9,30,0,0,20,0.034,3.5,100,20,1020,N/A
2015,3,13,10,30,0,0,20,0.034,3.5,100,20,1020,N/A
2015,3,13,11,30,0,0,20,0.034,3.9000000000000004,100,20,1020,N/A
2015,3,13,12,30,57,227,20,0.034,4.4,98.29,21,1020,N/A
2015,3,13,13,30,143,327,20,0.034,5,92.81,22,1020,N/A
2015,3,13,14,30,132,693,19,0.034,5.4,82.08,23,1020,N/A
2015,3,13,15,30,302,415,18,0.034,5.2,70.60000000000001,24,1020,N/A
2015,3,13,16,30,385,331,17,0.034,4.9,62.96,25,1020,N/A
2015,3,13,17,30,111,932,17,0.034,4.5,58.9,26,1020,N/A
2015,3,13,18,30,337,475,17,0.034,4.1000000000000005,60.25,26,1010,N/A
2015,3,13,19,30,285,499,18,0.034,3.6,58.69,27,1010,N/A
2015,3,13,20,30,214,516,18,0.034,3,64.44,26,1010,N/A
2015,3,13,21,30,146,477,19,0.034,2.1,71.01,25,1010,N/A
2015,3,13,22,30,91,178,20,0.034,1.3,78.84,24,1010,N/A
2015,3,13,23,30,0,0,20,0.034,0.9,84.72,23,1010,N/A
2015,3,14,0,30,0,0,20,0.035,1.1,90.22,23,1010,N/A
2015,3,14,1,30,0,0,20,0.035,1.5,90.75,22,1020,N/A
2015,3,14,2,30,0,0,20,0.035,2.2,91.26,22,1020,N/A
2015,3,14,3,30,0,0,20,0.035,2.9000000000000004,96.71000000000001,21,1020,N/A
2015,3,14,4,30,0,0,20,0.035,3.2,96.25,21,1020,N/A
2015,3,14,5,30,0,0,20,0.035,3.1,100,21,1020,N/A
2015,3,14,6,30,0,0,20,0.035,3.1,100,20,1010,N/A
2015,3,14,7,30,0,0,20,0.035,3.1,100,20,1010,N/A
2015,3,14,8,30,0,0,20,0.035,3.2,100,20,1010,N/A
2015,3,14,9,30,0,0,20,0.035,3.4000000000000004,100,20,1010,N/A
2015,3,14,10,30,0,0,20,0.035,3.3000000000000003,100,20,1020,N/A
2015,3,14,11,30,0,0,20,0.035,3.4000000000000004,100,20,1020,N/A
2015,3,14,12,30,49,435,20,0.035,3.7,98.64,21,1020,N/A
2015,3,14,13,30,79,693,21,0.035,3.9000000000000004,94.78,23,1020,N/A
2015,3,14,14,30,94,813,20,0.035,4,82,24,1020,N/A
2015,3,14,15,30,102,875,20,0.035,3.9000000000000004,75.38,25,1020,N/A
2015,3,14,16,30,107,904,20,0.035,3.7,74.09,25,1020,N/A
2015,3,14,17,30,110,912,19,0.035,3.5,69.18,26,1010,N/A
2015,3,14,18,30,115,894,19,0.035,3.3000000000000003,69,26,1010,N/A
2015,3,14,19,30,282,509,19,0.035,3.2,73.3,25,1010,N/A
2015,3,14,20,30,108,799,19,0.035,3.1,73.77,25,1010,N/A
2015,3,14,21,30,102,667,20,0.035,2.8000000000000003,78.61,24,1010,N/A
2015,3,14,22,30,72,460,20,0.035,2.3000000000000003,85.28,23,1010,N/A
2015,3,14,23,30,0,0,20,0.035,1.7000000000000002,93.52,22,1010,N/A
2015,3,15,0,30,0,0,21,0.035,1.4000000000000001,100,21,1020,N/A
2015,3,15,1,30,0,0,21,0.035,1.2000000000000002,100,21,1020,N/A
2015,3,15,2,30,0,0,21,0.035,1.1,100,21,1020,N/A
2015,3,15,3,30,0,0,21,0.035,1.1,100,21,1020,N/A
2015,3,15,4,30,0,0,20,0.035,1.1,100,20,1020,N/A
2015,3,15,5,30,0,0,20,0.035,1.1,100,20,1020,N/A
2015,3,15,6,30,0,0,20,0.035,1.2000000000000002,100,20,1020,N/A
2015,3,15,7,30,0,0,20,0.035,1.2000000000000002,100,20,1020,N/A
2015,3,15,8,30,0,0,20,0.035,1.1,100,20,1020,N/A
2015,3,15,9,30,0,0,20,0.035,0.9,100,20,1020,N/A
2015,3,15,10,30,0,0,20,0.035,0.8,100,20,1020,N/A
2015,3,15,11,30,0,0,20,0.035,0.8,100,20,1020,N/A
2015,3,15,12,30,55,368,21,0.035,1,100,21,1020,N/A
2015,3,15,13,30,90,632,21,0.035,1.1,95.92,22,1020,N/A
2015,3,15,14,30,108,759,20,0.035,1.1,87.21000000000001,24,1020,N/A
2015,3,15,15,30,126,809,20,0.035,1.4000000000000001,79.18,25,1020,N/A
2015,3,15,16,30,132,846,19,0.035,1.8,73.31,25,1020,N/A
2015,3,15,17,30,130,866,19,0.035,2,72.61,25,1020,N/A
2015,3,15,18,30,140,841,19,0.035,2.5,68.41,26,1020,N/A
2015,3,15,19,30,131,819,19,0.035,2.9000000000000004,72.45,25,1010,N/A
2015,3,15,20,30,119,767,19,0.035,3.3000000000000003,76.55,24,1010,N/A
2015,3,15,21,30,99,673,19,0.035,3.4000000000000004,80.14,23,1020,N/A
2015,3,15,22,30,67,490,19,0.035,2.9000000000000004,84.4,22,1020,N/A
2015,3,15,23,30,9,47,19,0.035,2.4000000000000004,89.54,21,1020,N/A
2015,3,16,0,30,0,0,19,0.035,2.2,94.69,20,1020,N/A
2015,3,16,1,30,0,0,18,0.035,2.1,93.56,20,1020,N/A
2015,3,16,2,30,0,0,18,0.035,2.2,92.59,20,1020,N/A
2015,3,16,3,30,0,0,18,0.035,2.3000000000000003,97.51,19,1020,N/A
2015,3,16,4,30,0,0,18,0.035,2.4000000000000004,96.77,19,1020,N/A
2015,3,16,5,30,0,0,18,0.035,2.5,97.54,19,1020,N/A
2015,3,16,6,30,0,0,18,0.035,2.5,100,19,1020,N/A
2015,3,16,7,30,0,0,18,0.035,2.4000000000000004,100,18,1020,N/A
2015,3,16,8,30,0,0,18,0.035,2.2,100,18,1020,N/A
2015,3,16,9,30,0,0,18,0.035,2.1,100,18,1020,N/A
2015,3,16,10,30,0,0,18,0.035,2,100,18,1020,N/A
2015,3,16,11,30,0,0,18,0.035,2.2,100,18,1020,N/A
2015,3,16,12,30,56,395,18,0.035,2.3000000000000003,93.84,20,1020,N/A
2015,3,16,13,30,91,653,19,0.035,2.1,84.84,22,1020,N/A
2015,3,16,14,30,110,777,19,0.035,1.8,74.65,24,1020,N/A
2015,3,16,15,30,101,883,19,0.035,1.4000000000000001,69.8,25,1020,N/A
2015,3,16,16,30,105,916,18,0.035,1.1,63.42,26,1020,N/A
2015,3,16,17,30,107,928,17,0.035,0.8,61.33,27,1020,N/A
2015,3,16,18,30,106,924,18,0.035,1,58.21,27,1010,N/A
2015,3,16,19,30,103,899,18,0.035,1.6,62.51,26,1010,N/A
2015,3,16,20,30,96,847,18,0.035,2.2,66.51,26,1010,N/A
2015,3,16,21,30,84,754,18,0.035,2.8000000000000003,70.34,25,1010,N/A
2015,3,16,22,30,61,565,18,0.035,2.9000000000000004,76.79,23,1010,N/A
2015,3,16,23,30,11,81,18,0.035,3,88.25,21,1010,N/A
2015,3,17,0,30,0,0,19,0.035,3.1,89.10000000000001,21,1020,N/A
2015,3,17,1,30,0,0,19,0.035,2.7,95.59,20,1020,N/A
2015,3,17,2,30,0,0,19,0.035,2.1,95.41,20,1020,N/A
2015,3,17,3,30,0,0,19,0.035,1.7000000000000002,100,19,1010,N/A
2015,3,17,4,30,0,0,18,0.035,1.5,99.45,19,1010,N/A
2015,3,17,5,30,0,0,18,0.035,1.2000000000000002,98.29,19,1010,N/A
2015,3,17,6,30,0,0,18,0.035,1.1,97.38,19,1010,N/A
2015,3,17,7,30,0,0,18,0.035,1,100,18,1010,N/A
2015,3,17,8,30,0,0,18,0.035,1,100,18,1010,N/A
2015,3,17,9,30,0,0,18,0.035,1.1,100,18,1010,N/A
2015,3,17,10,30,0,0,18,0.035,1.2000000000000002,100,18,1010,N/A
2015,3,17,11,30,0,0,18,0.035,1.3,100,18,1010,N/A
2015,3,17,12,30,45,546,19,0.035,1.5,94.34,20,1010,N/A
2015,3,17,13,30,69,779,18,0.035,1.7000000000000002,80.57000000000001,22,1010,N/A
2015,3,17,14,30,83,880,16,0.035,2,66.95,23,1010,N/A
2015,3,17,15,30,98,919,15,0.035,2.3000000000000003,59.910000000000004,24,1010,N/A
2015,3,17,16,30,106,942,15,0.035,2.7,55.64,25,1010,N/A
2015,3,17,17,30,111,946,15,0.035,3.2,55.92,25,1010,N/A
2015,3,17,18,30,108,941,15,0.035,3.7,56.57,25,1010,N/A
2015,3,17,19,30,104,914,16,0.035,4.1000000000000005,57.75,25,1010,N/A
2015,3,17,20,30,96,863,16,0.035,4.3,63.09,24,1010,N/A
2015,3,17,21,30,81,774,17,0.035,4.1000000000000005,69.32000000000001,23,1010,N/A
2015,3,17,22,30,58,594,17,0.035,3.5,77.02,22,1010,N/A
2015,3,17,23,30,11,105,18,0.035,2.9000000000000004,91.82000000000001,21,1010,N/A
2015,3,18,0,30,0,0,19,0.035,2.9000000000000004,96.2,20,1010,N/A
2015,3,18,1,30,0,0,19,0.035,3,99.64,20,1010,N/A
2015,3,18,2,30,0,0,20,0.035,3,100,20,1010,N/A
2015,3,18,3,30,0,0,20,0.035,3,100,20,1010,N/A
2015,3,18,4,30,0,0,20,0.035,3.1,100,20,1010,N/A
2015,3,18,5,30,0,0,20,0.035,3.2,100,20,1010,N/A
2015,3,18,6,30,0,0,20,0.035,3.3000000000000003,100,20,1010,N/A
2015,3,18,7,30,0,0,20,0.035,3.3000000000000003,100,20,1010,N/A
2015,3,18,8,30,0,0,20,0.035,3.3000000000000003,100,20,1010,N/A
2015,3,18,9,30,0,0,20,0.035,3,100,20,1010,N/A
2015,3,18,10,30,0,0,19,0.035,2.6,100,19,1010,N/A
2015,3,18,11,30,0,0,20,0.035,2.7,100,20,1010,N/A
2015,3,18,12,30,72,259,20,0.035,2.8000000000000003,98.05,21,1010,N/A
2015,3,18,13,30,136,494,20,0.035,2.2,91.32000000000001,23,1010,N/A
2015,3,18,14,30,174,627,19,0.035,1.3,75.10000000000001,24,1010,N/A
2015,3,18,15,30,269,511,18,0.035,0.7000000000000001,67.66,25,1010,N/A
2015,3,18,16,30,149,847,18,0.035,0.7000000000000001,62.870000000000005,26,1010,N/A
2015,3,18,17,30,152,857,18,0.035,1.1,62.02,26,1010,N/A
2015,3,18,18,30,173,809,18,0.035,1.4000000000000001,62.04,26,1010,N/A
2015,3,18,19,30,169,771,18,0.035,1.7000000000000002,61.97,26,1010,N/A
2015,3,18,20,30,159,699,18,0.035,1.9000000000000001,61.76,26,1010,N/A
2015,3,18,21,30,136,575,17,0.035,2.3000000000000003,64.89,25,1010,N/A
2015,3,18,22,30,92,358,18,0.035,2.4000000000000004,70.28,24,1010,N/A
2015,3,18,23,30,8,23,18,0.035,2.4000000000000004,81.3,22,1010,N/A
2015,3,19,0,30,0,0,18,0.035,2.3000000000000003,87.39,21,1010,N/A
2015,3,19,1,30,0,0,19,0.035,2,88.49,21,1010,N/A
2015,3,19,2,30,0,0,19,0.035,2,88.88,21,1010,N/A
2015,3,19,3,30,0,0,19,0.035,2.1,89.47,21,1010,N/A
2015,3,19,4,30,0,0,19,0.035,2.3000000000000003,90.18,21,1010,N/A
2015,3,19,5,30,0,0,19,0.035,2.3000000000000003,97.08,20,1010,N/A
2015,3,19,6,30,0,0,19,0.035,2.2,98.65,20,1010,N/A
2015,3,19,7,30,0,0,19,0.035,2.1,99.79,20,1010,N/A
2015,3,19,8,30,0,0,20,0.035,2.1,100,20,1010,N/A
2015,3,19,9,30,0,0,19,0.035,2.2,100,20,1010,N/A
2015,3,19,10,30,0,0,19,0.035,2.3000000000000003,100,20,1010,N/A
2015,3,19,11,30,0,0,20,0.035,2.6,100,20,1010,N/A
2015,3,19,12,30,71,64,20,0.035,3.1,97.18,21,1010,N/A
2015,3,19,13,30,168,222,20,0.035,3.1,86.45,23,1010,N/A
2015,3,19,14,30,239,390,20,0.035,2.7,79.31,24,1010,N/A
2015,3,19,15,30,326,374,19,0.035,2,73.64,25,1010,N/A
2015,3,19,16,30,216,724,19,0.035,1.3,68.86,26,1010,N/A
2015,3,19,17,30,226,729,19,0.035,0.8,63.800000000000004,27,1010,N/A
2015,3,19,18,30,411,319,19,0.035,1,64,27,1010,N/A
2015,3,19,19,30,210,692,19,0.035,1.6,67.81,26,1010,N/A
2015,3,19,20,30,189,627,19,0.035,2.3000000000000003,67.74,26,1010,N/A
2015,3,19,21,30,160,503,19,0.035,2.8000000000000003,71.72,25,1010,N/A
2015,3,19,22,30,103,293,19,0.035,2.8000000000000003,77.82000000000001,24,1010,N/A
2015,3,19,23,30,8,17,20,0.035,2.4000000000000004,89.21000000000001,22,1010,N/A
2015,3,20,0,30,0,0,20,0.035,2.2,90.08,22,1010,N/A
2015,3,20,1,30,0,0,20,0.035,2,96.55,21,1010,N/A
2015,3,20,2,30,0,0,20,0.035,2,96.84,21,1010,N/A
2015,3,20,3,30,0,0,20,0.035,2.1,96.46000000000001,21,1010,N/A
2015,3,20,4,30,0,0,20,0.035,2.1,100,21,1010,N/A
2015,3,20,5,30,0,0,20,0.035,2,100,20,1010,N/A
2015,3,20,6,30,0,0,19,0.035,1.9000000000000001,99.22,20,1010,N/A
2015,3,20,7,30,0,0,19,0.035,1.8,98.12,20,1010,N/A
2015,3,20,8,30,0,0,19,0.035,1.7000000000000002,97.31,20,1010,N/A
2015,3,20,9,30,0,0,19,0.035,1.5,100,19,1010,N/A
2015,3,20,10,30,0,0,19,0.035,1.2000000000000002,100,19,1010,N/A
2015,3,20,11,30,0,0,19,0.035,1.2000000000000002,98.19,20,1010,N/A
2015,3,20,12,30,71,315,20,0.035,1.4000000000000001,94.65,22,1010,N/A
2015,3,20,13,30,120,561,19,0.035,1.3,78.8,23,1020,N/A
2015,3,20,14,30,145,693,18,0.035,1.5,69.56,24,1020,N/A
2015,3,20,15,30,130,823,17,0.035,2.1,65.11,25,1020,N/A
2015,3,20,16,30,136,857,18,0.035,2.8000000000000003,61.870000000000005,26,1010,N/A
2015,3,20,17,30,139,869,18,0.035,3.4000000000000004,62.25,26,1010,N/A
2015,3,20,18,30,136,864,18,0.035,3.8000000000000003,62.51,26,1010,N/A
2015,3,20,19,30,127,844,18,0.035,4,66.29,25,1010,N/A
2015,3,20,20,30,113,801,18,0.035,3.8000000000000003,69.9,24,1010,N/A
2015,3,20,21,30,93,718,18,0.035,3.4000000000000004,73.84,24,1010,N/A
2015,3,20,22,30,65,543,18,0.035,2.7,79.14,23,1010,N/A
2015,3,20,23,30,12,102,18,0.035,2,86.82000000000001,21,1010,N/A
2015,3,21,0,30,0,0,19,0.035,1.7000000000000002,90.79,21,1010,N/A
2015,3,21,1,30,0,0,20,0.035,1.5,100,20,1010,N/A
2015,3,21,2,30,0,0,20,0.035,1.3,100,20,1010,N/A
2015,3,21,3,30,0,0,20,0.035,1.3,100,20,1010,N/A
2015,3,21,4,30,0,0,20,0.035,1.3,100,20,1010,N/A
2015,3,21,5,30,0,0,19,0.035,1.3,100,20,1010,N/A
2015,3,21,6,30,0,0,19,0.035,1.5,100,19,1010,N/A
2015,3,21,7,30,0,0,19,0.035,1.6,100,19,1010,N/A
2015,3,21,8,30,0,0,19,0.035,1.7000000000000002,100,19,1010,N/A
2015,3,21,9,30,0,0,19,0.035,1.7000000000000002,100,19,1010,N/A
2015,3,21,10,30,0,0,19,0.035,1.6,100,19,1010,N/A
2015,3,21,11,30,0,0,20,0.035,1.7000000000000002,100,20,1010,N/A
2015,3,21,12,30,55,468,20,0.035,2,98.32000000000001,21,1010,N/A
2015,3,21,13,30,85,696,20,0.035,2.1,83.72,23,1010,N/A
2015,3,21,14,30,101,805,19,0.035,1.9000000000000001,75.96000000000001,24,1020,N/A
2015,3,21,15,30,111,863,19,0.035,1.5,71.23,25,1010,N/A
2015,3,21,16,30,117,892,19,0.035,1.5,67.57000000000001,26,1010,N/A
2015,3,21,17,30,408,377,19,0.035,1.9000000000000001,67.89,26,1010,N/A
2015,3,21,18,30,407,344,19,0.035,2.3000000000000003,68.06,26,1010,N/A
2015,3,21,19,30,301,482,19,0.035,2.6,67.87,26,1010,N/A
2015,3,21,20,30,237,479,19,0.035,2.6,72.07000000000001,25,1010,N/A
2015,3,21,21,30,166,419,19,0.035,2.5,76.45,25,1010,N/A
2015,3,21,22,30,83,361,19,0.035,2.4000000000000004,82.19,24,1010,N/A
2015,3,21,23,30,14,0,20,0.035,2.5,90.37,22,1010,N/A
2015,3,22,0,30,0,0,20,0.037,2.7,93.48,22,1010,N/A
2015,3,22,1,30,0,0,21,0.037,2.4000000000000004,100,21,1010,N/A
2015,3,22,2,30,0,0,21,0.037,1.9000000000000001,100,21,1010,N/A
2015,3,22,3,30,0,0,21,0.037,1.5,100,21,1010,N/A
2015,3,22,4,30,0,0,21,0.037,1.3,100,21,1010,N/A
2015,3,22,5,30,0,0,21,0.037,1.3,100,21,1010,N/A
2015,3,22,6,30,0,0,21,0.037,1.3,100,21,1010,N/A
2015,3,22,7,30,0,0,20,0.037,1.2000000000000002,100,21,1010,N/A
2015,3,22,8,30,0,0,20,0.037,1.1,100,21,1010,N/A
2015,3,22,9,30,0,0,20,0.037,0.9,100,21,1010,N/A
2015,3,22,10,30,0,0,21,0.037,0.7000000000000001,100,21,1010,N/A
2015,3,22,11,30,0,0,21,0.037,0.6000000000000001,100,21,1010,N/A
2015,3,22,12,30,76,149,21,0.037,0.9,96.92,22,1010,N/A
2015,3,22,13,30,179,110,21,0.037,1.2000000000000002,90.19,23,1010,N/A
2015,3,22,14,30,235,425,20,0.037,1.3,81.33,24,1010,N/A
2015,3,22,15,30,336,362,20,0.037,1.9000000000000001,74.44,25,1010,N/A
2015,3,22,16,30,401,338,19,0.037,2.6,69.35000000000001,26,1010,N/A
2015,3,22,17,30,435,303,19,0.037,3.2,68.64,26,1010,N/A
2015,3,22,18,30,408,346,19,0.037,3.7,68.46000000000001,26,1010,N/A
2015,3,22,19,30,356,352,19,0.037,3.9000000000000004,72.71000000000001,25,1010,N/A
2015,3,22,20,30,273,367,19,0.037,3.8000000000000003,77.3,25,1010,N/A
2015,3,22,21,30,200,228,19,0.037,3.5,77.10000000000001,24,1010,N/A
2015,3,22,22,30,85,343,19,0.037,3.1,82.13,23,1010,N/A
2015,3,22,23,30,16,0,20,0.037,2.7,88.53,22,1010,N/A
2015,3,23,0,30,0,0,20,0.037,2.4000000000000004,90.11,22,1010,N/A
2015,3,23,1,30,0,0,20,0.037,2.1,97.02,22,1010,N/A
2015,3,23,2,30,0,0,20,0.037,2.2,98.14,21,1010,N/A
2015,3,23,3,30,0,0,20,0.037,2.3000000000000003,99.31,21,1010,N/A
2015,3,23,4,30,0,0,21,0.037,2.3000000000000003,100,21,1010,N/A
2015,3,23,5,30,0,0,21,0.037,2.5,100,21,1010,N/A
2015,3,23,6,30,0,0,21,0.037,2.8000000000000003,100,21,1010,N/A
2015,3,23,7,30,0,0,21,0.037,3.2,100,21,1010,N/A
2015,3,23,8,30,0,0,21,0.037,3.3000000000000003,100,21,1010,N/A
2015,3,23,9,30,0,0,21,0.037,3,100,21,1010,N/A
2015,3,23,10,30,0,0,21,0.037,2.5,100,21,1010,N/A
2015,3,23,11,30,0,0,21,0.037,2.5,100,21,1010,N/A
2015,3,23,12,30,39,0,21,0.037,2.6,98.85000000000001,22,1010,N/A
2015,3,23,13,30,96,0,21,0.037,2.8000000000000003,93.32000000000001,23,1010,N/A
2015,3,23,14,30,282,112,21,0.037,3,91.33,23,1010,N/A
2015,3,23,15,30,149,0,21,0.037,3.2,84,24,1010,N/A
2015,3,23,16,30,253,14,20,0.037,3.4000000000000004,77.68,25,1010,N/A
2015,3,23,17,30,405,388,20,0.037,3.5,76.8,25,1010,N/A
2015,3,23,18,30,444,167,20,0.037,3.5,76.51,25,1010,N/A
2015,3,23,19,30,388,129,20,0.037,3.4000000000000004,76.86,25,1010,N/A
2015,3,23,20,30,277,328,20,0.037,3,77.35000000000001,25,1010,N/A
2015,3,23,21,30,89,723,20,0.037,2.5,82.43,24,1010,N/A
2015,3,23,22,30,64,542,20,0.037,1.7000000000000002,88.4,23,1010,N/A
2015,3,23,23,30,14,94,21,0.037,1.1,95.39,22,1010,N/A
2015,3,24,0,30,0,0,21,0.037,1.1,100,22,1010,N/A
2015,3,24,1,30,0,0,21,0.037,1.2000000000000002,100,21,1010,N/A
2015,3,24,2,30,0,0,21,0.037,1.4000000000000001,100,21,1010,N/A
2015,3,24,3,30,0,0,20,0.037,1.8,100,21,1010,N/A
2015,3,24,4,30,0,0,20,0.037,2.2,100,20,1010,N/A
2015,3,24,5,30,0,0,19,0.037,2.6,100,19,1010,N/A
2015,3,24,6,30,0,0,19,0.037,2.8000000000000003,100,19,1010,N/A
2015,3,24,7,30,0,0,18,0.037,3,100,19,1010,N/A
2015,3,24,8,30,0,0,18,0.037,3,100,18,1010,N/A
2015,3,24,9,30,0,0,18,0.037,2.9000000000000004,100,18,1010,N/A
2015,3,24,10,30,0,0,18,0.037,2.9000000000000004,100,18,1010,N/A
2015,3,24,11,30,0,0,17,0.037,3.1,99.88,18,1010,N/A
2015,3,24,12,30,39,0,18,0.037,3.3000000000000003,95.72,19,1010,N/A
2015,3,24,13,30,35,0,18,0.037,2.8000000000000003,91.68,20,1010,N/A
2015,3,24,14,30,175,1,18,0.037,2.1,79.36,22,1010,N/A
2015,3,24,15,30,314,36,17,0.037,1.4000000000000001,72.28,23,1010,N/A
2015,3,24,16,30,132,885,17,0.037,0.8,66.65,24,1010,N/A
2015,3,24,17,30,132,900,17,0.037,0.9,65.66,25,1010,N/A
2015,3,24,18,30,150,861,17,0.037,1.5,61.67,25,1010,N/A
2015,3,24,19,30,142,836,17,0.037,2,61.75,25,1010,N/A
2015,3,24,20,30,130,783,17,0.037,2.3000000000000003,65.74,24,1010,N/A
2015,3,24,21,30,112,681,17,0.037,2.4000000000000004,69.96000000000001,23,1010,N/A
2015,3,24,22,30,80,482,17,0.037,2.3000000000000003,74.98,22,1010,N/A
2015,3,24,23,30,15,70,17,0.037,2.4000000000000004,81.5,21,1010,N/A
2015,3,25,0,30,0,0,17,0.037,2.6,87.19,20,1010,N/A
2015,3,25,1,30,0,0,17,0.037,2.5,87.99,20,1010,N/A
2015,3,25,2,30,0,0,17,0.037,2.3000000000000003,88.03,20,1010,N/A
2015,3,25,3,30,0,0,17,0.037,2.1,93.45,19,1010,N/A
2015,3,25,4,30,0,0,17,0.037,1.9000000000000001,93.45,19,1010,N/A
2015,3,25,5,30,0,0,17,0.037,1.7000000000000002,93.75,19,1010,N/A
2015,3,25,6,30,0,0,18,0.037,1.6,100,18,1010,N/A
2015,3,25,7,30,0,0,18,0.037,1.6,100,18,1010,N/A
2015,3,25,8,30,0,0,18,0.037,1.6,100,18,1010,N/A
2015,3,25,9,30,0,0,18,0.037,1.5,100,18,1010,N/A
2015,3,25,10,30,0,0,18,0.037,1.4000000000000001,100,18,1010,N/A
2015,3,25,11,30,0,0,18,0.037,1.7000000000000002,100,18,1010,N/A
2015,3,25,12,30,48,0,18,0.037,1.7000000000000002,90.07000000000001,20,1020,N/A
2015,3,25,13,30,179,63,18,0.037,1.1,80.09,22,1020,N/A
2015,3,25,14,30,284,222,17,0.037,1.1,72.22,23,1020,N/A
2015,3,25,15,30,334,392,17,0.037,1.4000000000000001,65.94,24,1020,N/A
2015,3,25,16,30,345,479,16,0.037,1.7000000000000002,64.32000000000001,24,1020,N/A
2015,3,25,17,30,358,525,16,0.037,2,59.83,25,1010,N/A
2015,3,25,18,30,352,486,16,0.037,2.4000000000000004,59.88,25,1010,N/A
2015,3,25,19,30,258,615,16,0.037,2.5,59.88,25,1010,N/A
2015,3,25,20,30,97,875,16,0.037,2.4000000000000004,59.04,25,1010,N/A
2015,3,25,21,30,82,796,16,0.037,2.2,61.11,24,1010,N/A
2015,3,25,22,30,60,624,16,0.037,1.7000000000000002,65.18,23,1010,N/A
2015,3,25,23,30,15,162,16,0.037,1.4000000000000001,75.61,21,1010,N/A
2015,3,26,0,30,0,0,16,0.037,1.4000000000000001,79.15,20,1010,N/A
2015,3,26,1,30,0,0,16,0.037,1.4000000000000001,80.27,20,1010,N/A
2015,3,26,2,30,0,0,16,0.037,1.4000000000000001,81.35000000000001,20,1010,N/A
2015,3,26,3,30,0,0,16,0.037,1.6,81.99,20,1010,N/A
2015,3,26,4,30,0,0,17,0.037,1.9000000000000001,88.29,20,1010,N/A
2015,3,26,5,30,0,0,17,0.037,2.3000000000000003,91.21000000000001,19,1010,N/A
2015,3,26,6,30,0,0,18,0.037,2.6,96.10000000000001,19,1010,N/A
2015,3,26,7,30,0,0,19,0.037,2.7,100,19,1010,N/A
2015,3,26,8,30,0,0,19,0.037,2.7,100,20,1010,N/A
2015,3,26,9,30,0,0,19,0.037,2.7,100,20,1010,N/A
2015,3,26,10,30,0,0,20,0.037,2.7,100,20,1010,N/A
2015,3,26,11,30,0,0,20,0.037,3,100,20,1010,N/A
2015,3,26,12,30,7,0,20,0.037,3.2,99.77,22,1010,N/A
2015,3,26,13,30,187,118,21,0.037,3.2,88.56,23,1010,N/A
2015,3,26,14,30,193,5,20,0.037,3.4000000000000004,78.97,24,1010,N/A
2015,3,26,15,30,365,114,19,0.037,3.6,73.08,25,1010,N/A
2015,3,26,16,30,349,29,19,0.037,3.9000000000000004,68.48,26,1010,N/A
2015,3,26,17,30,365,29,20,0.037,4.2,69.92,26,1010,N/A
2015,3,26,18,30,437,263,20,0.037,4.4,76.12,25,1010,N/A
2015,3,26,19,30,168,762,20,0.037,4.2,78.03,25,1010,N/A
2015,3,26,20,30,150,710,21,0.037,3.6,84.32000000000001,24,1010,N/A
2015,3,26,21,30,123,620,21,0.037,2.9000000000000004,85.39,24,1010,N/A
2015,3,26,22,30,83,442,21,0.037,2.3000000000000003,92.18,23,1010,N/A
2015,3,26,23,30,18,0,21,0.037,2.1,98.65,22,1010,N/A
2015,3,27,0,30,0,0,21,0.037,2.1,99.34,22,1010,N/A
2015,3,27,1,30,0,0,22,0.037,2.1,100,22,1010,N/A
2015,3,27,2,30,0,0,22,0.037,2,100,22,1010,N/A
2015,3,27,3,30,0,0,21,0.037,2,100,22,1010,N/A
2015,3,27,4,30,0,0,21,0.037,2.1,100,21,1010,N/A
2015,3,27,5,30,0,0,21,0.037,2.2,100,21,1010,N/A
2015,3,27,6,30,0,0,21,0.037,2.4000000000000004,100,21,1010,N/A
2015,3,27,7,30,0,0,21,0.037,2.3000000000000003,100,21,1010,N/A
2015,3,27,8,30,0,0,21,0.037,2.1,100,21,1010,N/A
2015,3,27,9,30,0,0,21,0.037,2.1,100,21,1010,N/A
2015,3,27,10,30,0,0,21,0.037,2.4000000000000004,100,21,1010,N/A
2015,3,27,11,30,0,0,21,0.037,3.1,100,21,1010,N/A
2015,3,27,12,30,76,294,22,0.037,3.7,100,22,1010,N/A
2015,3,27,13,30,169,335,22,0.037,3.9000000000000004,100,23,1010,N/A
2015,3,27,14,30,262,362,22,0.037,4.1000000000000005,96.13,23,1010,N/A
2015,3,27,15,30,380,136,22,0.037,4.3,95.05,23,1010,N/A
2015,3,27,16,30,442,165,22,0.037,4.4,94.19,23,1010,N/A
2015,3,27,17,30,240,11,21,0.037,4.5,93.62,24,1010,N/A
2015,3,27,18,30,199,7,21,0.037,4.9,93.35000000000001,23,1010,N/A
2015,3,27,19,30,137,0,21,0.037,5.300000000000001,98.74000000000001,23,1010,N/A
2015,3,27,20,30,231,15,21,0.037,5.300000000000001,100,22,1010,N/A
2015,3,27,21,30,135,0,20,0.037,5.4,100,21,1010,N/A
2015,3,27,22,30,79,0,19,0.037,5.7,100,19,1010,N/A
2015,3,27,23,30,7,0,17,0.037,5.7,97.4,18,1010,N/A
2015,3,28,0,30,0,0,16,0.037,5.300000000000001,88.57000000000001,18,1010,N/A
2015,3,28,1,30,0,0,15,0.037,5,83.22,18,1010,N/A
2015,3,28,2,30,0,0,14,0.037,4.9,84.17,18,1010,N/A
2015,3,28,3,30,0,0,13,0.037,5.2,79.73,17,1010,N/A
2015,3,28,4,30,0,0,12,0.037,5.2,75.44,17,1010,N/A
2015,3,28,5,30,0,0,11,0.037,4.9,76.36,16,1010,N/A
2015,3,28,6,30,0,0,11,0.037,4.6000000000000005,73.26,16,1010,N/A
2015,3,28,7,30,0,0,10,0.037,4.5,75.53,16,1010,N/A
2015,3,28,8,30,0,0,10,0.037,4.3,73.14,15,1010,N/A
2015,3,28,9,30,0,0,9,0.037,3.9000000000000004,76.09,14,1010,N/A
2015,3,28,10,30,0,0,9,0.037,3.4000000000000004,74.74,14,1020,N/A
2015,3,28,11,30,0,0,9,0.037,3.7,73.48,14,1020,N/A
2015,3,28,12,30,75,448,9,0.037,4.5,68.3,15,1020,N/A
2015,3,28,13,30,150,440,8,0.037,5.1000000000000005,62.26,16,1020,N/A
2015,3,28,14,30,175,624,8,0.037,5.6000000000000005,61.64,17,1020,N/A
2015,3,28,15,30,265,571,8,0.037,5.9,57.07,17,1020,N/A
2015,3,28,16,30,366,437,8,0.037,6,52.58,18,1020,N/A
2015,3,28,17,30,123,940,7,0.037,5.9,51.68,18,1020,N/A
2015,3,28,18,30,124,930,7,0.037,5.800000000000001,50.52,18,1020,N/A
2015,3,28,19,30,118,906,7,0.037,5.6000000000000005,49.85,18,1020,N/A
2015,3,28,20,30,237,492,7,0.037,5.4,52.74,17,1020,N/A
2015,3,28,21,30,93,769,7,0.037,4.9,52.67,17,1020,N/A
2015,3,28,22,30,70,505,7,0.037,4.1000000000000005,56.72,16,1020,N/A
2015,3,28,23,30,22,0,7,0.037,3.4000000000000004,62.74,15,1020,N/A
2015,3,29,0,30,0,0,8,0.037,3.2,68.76,15,1020,N/A
2015,3,29,1,30,0,0,8,0.037,3.1,70.02,14,1020,N/A
2015,3,29,2,30,0,0,8,0.037,2.9000000000000004,70.64,14,1020,N/A
2015,3,29,3,30,0,0,8,0.037,2.7,70.83,14,1020,N/A
2015,3,29,4,30,0,0,8,0.037,2.6,75.31,14,1020,N/A
2015,3,29,5,30,0,0,8,0.037,2.4000000000000004,74.36,13,1020,N/A
2015,3,29,6,30,0,0,8,0.037,2.3000000000000003,72.91,13,1020,N/A
2015,3,29,7,30,0,0,7,0.037,2.3000000000000003,71.39,13,1020,N/A
2015,3,29,8,30,0,0,7,0.037,2.4000000000000004,74.89,12,1020,N/A
2015,3,29,9,30,0,0,7,0.037,2.5,73.83,12,1020,N/A
2015,3,29,10,30,0,0,7,0.037,2.5,72.83,12,1020,N/A
2015,3,29,11,30,0,0,7,0.037,2.9000000000000004,71.98,13,1020,N/A
2015,3,29,12,30,62,534,7,0.037,3.4000000000000004,63.76,14,1020,N/A
2015,3,29,13,30,92,734,6,0.037,3.6,53.120000000000005,16,1020,N/A
2015,3,29,14,30,112,829,6,0.037,3.7,48.65,17,1020,N/A
2015,3,29,15,30,122,885,6,0.037,3.9000000000000004,46.53,18,1020,N/A
2015,3,29,16,30,129,913,6,0.037,4,45,19,1020,N/A
2015,3,29,17,30,131,923,7,0.037,4,43.550000000000004,20,1020,N/A
2015,3,29,18,30,129,919,7,0.037,3.9000000000000004,44.660000000000004,20,1020,N/A
2015,3,29,19,30,122,899,7,0.037,3.8000000000000003,42.62,21,1020,N/A
2015,3,29,20,30,110,858,7,0.037,3.6,45.56,20,1020,N/A
2015,3,29,21,30,92,780,7,0.037,3.2,44.980000000000004,20,1020,N/A
2015,3,29,22,30,66,616,7,0.037,2.5,48.6,19,1020,N/A
2015,3,29,23,30,18,176,8,0.037,2.1,56.56,17,1020,N/A
2015,3,30,0,30,0,0,7,0.037,2.2,57.46,16,1020,N/A
2015,3,30,1,30,0,0,7,0.037,2.5,60.35,15,1020,N/A
2015,3,30,2,30,0,0,7,0.037,3,64.65,15,1020,N/A
2015,3,30,3,30,0,0,7,0.037,3.2,70.65,14,1020,N/A
2015,3,30,4,30,0,0,8,0.037,2.9000000000000004,72.58,13,1020,N/A
2015,3,30,5,30,0,0,8,0.037,2.6,78.87,12,1020,N/A
2015,3,30,6,30,0,0,8,0.037,2.3000000000000003,79.41,12,1020,N/A
2015,3,30,7,30,0,0,8,0.037,2.1,84.86,11,1020,N/A
2015,3,30,8,30,0,0,8,0.037,1.9000000000000001,84.71000000000001,11,1020,N/A
2015,3,30,9,30,0,0,8,0.037,1.9000000000000001,84.9,11,1020,N/A
2015,3,30,10,30,0,0,8,0.037,1.8,85.16,11,1020,N/A
2015,3,30,11,30,0,0,8,0.037,1.9000000000000001,74.91,13,1020,N/A
2015,3,30,12,30,62,550,9,0.037,1.9000000000000001,67.63,15,1020,N/A
2015,3,30,13,30,88,754,8,0.037,1.7000000000000002,58.28,17,1020,N/A
2015,3,30,14,30,102,857,7,0.037,1.4000000000000001,47.97,19,1020,N/A
2015,3,30,15,30,109,912,7,0.037,1.1,45.61,20,1020,N/A
2015,3,30,16,30,114,938,8,0.037,1.6,44.08,21,1020,N/A
2015,3,30,17,30,116,944,8,0.037,2.5,43.14,22,1020,N/A
2015,3,30,18,30,116,933,9,0.037,3,45.6,22,1020,N/A
2015,3,30,19,30,111,906,10,0.037,3,47.64,22,1020,N/A
2015,3,30,20,30,102,857,10,0.037,2.8000000000000003,49.19,22,1020,N/A
2015,3,30,21,30,89,767,11,0.037,2.7,53.53,21,1020,N/A
2015,3,30,22,30,66,590,11,0.037,2.4000000000000004,59.480000000000004,20,1020,N/A
2015,3,30,23,30,19,154,12,0.037,2.1,71.42,18,1020,N/A
2015,3,31,0,30,0,0,13,0.037,2.1,73.45,18,1020,N/A
2015,3,31,1,30,0,0,13,0.037,2.1,77.09,18,1020,N/A
2015,3,31,2,30,0,0,14,0.037,2.1,84.96000000000001,17,1020,N/A
2015,3,31,3,30,0,0,14,0.037,2.1,87.28,17,1020,N/A
2015,3,31,4,30,0,0,15,0.037,2.2,89.52,17,1020,N/A
2015,3,31,5,30,0,0,15,0.037,2.2,91.67,17,1020,N/A
2015,3,31,6,30,0,0,16,0.037,2.2,93.98,17,1020,N/A
2015,3,31,7,30,0,0,16,0.037,2.1,96.41,17,1020,N/A
2015,3,31,8,30,0,0,16,0.037,2,98.9,17,1020,N/A
2015,3,31,9,30,0,0,17,0.037,1.9000000000000001,100,17,1020,N/A
2015,3,31,10,30,0,0,17,0.037,1.7000000000000002,100,17,1020,N/A
2015,3,31,11,30,0,0,17,0.037,1.7000000000000002,97.4,18,1020,N/A
2015,3,31,12,30,67,504,18,0.037,2.1,88.8,20,1020,N/A
2015,3,31,13,30,96,706,17,0.037,2.4000000000000004,81.25,21,1020,N/A
2015,3,31,14,30,114,807,17,0.037,2.4000000000000004,75.9,22,1020,N/A
2015,3,31,15,30,365,319,17,0.037,2.4000000000000004,71.74,23,1020,N/A
2015,3,31,16,30,287,15,17,0.037,2.4000000000000004,67.45,24,1020,N/A
2015,3,31,17,30,469,138,17,0.037,2.6,67.21000000000001,24,1020,N/A
2015,3,31,18,30,450,126,17,0.037,3,67.03,25,1010,N/A
2015,3,31,19,30,353,392,17,0.037,3.4000000000000004,66.94,24,1010,N/A
2015,3,31,20,30,133,781,17,0.037,3.7,71.31,23,1010,N/A
2015,3,31,21,30,112,689,17,0.037,3.7,76.05,23,1010,N/A
2015,3,31,22,30,79,518,17,0.037,3.2,81.64,22,1010,N/A
2015,3,31,23,30,20,118,18,0.037,2.5,89.2,20,1010,N/A
2015,4,1,0,30,0,0,18,0.037,2.2,98.05,19,1020,N/A
2015,4,1,1,30,0,0,19,0.037,2.1,100,19,1020,N/A
2015,4,1,2,30,0,0,18,0.037,2.2,100,19,1020,N/A
2015,4,1,3,30,0,0,18,0.037,2.3000000000000003,100,18,1020,N/A
2015,4,1,4,30,0,0,18,0.037,2.4000000000000004,100,18,1020,N/A
2015,4,1,5,30,0,0,18,0.037,2.5,100,18,1020,N/A
2015,4,1,6,30,0,0,18,0.037,2.4000000000000004,100,18,1010,N/A
2015,4,1,7,30,0,0,18,0.037,2.2,100,18,1010,N/A
2015,4,1,8,30,0,0,18,0.037,2,100,18,1010,N/A
2015,4,1,9,30,0,0,18,0.037,1.9000000000000001,100,18,1010,N/A
2015,4,1,10,30,0,0,18,0.037,1.9000000000000001,100,18,1010,N/A
2015,4,1,11,30,10,67,18,0.037,2,97.7,19,1020,N/A
2015,4,1,12,30,62,556,19,0.037,2.5,88.86,21,1020,N/A
2015,4,1,13,30,182,307,18,0.037,2.9000000000000004,81.08,22,1020,N/A
2015,4,1,14,30,106,829,17,0.037,2.9000000000000004,71.49,23,1020,N/A
2015,4,1,15,30,122,871,17,0.037,2.9000000000000004,65.59,24,1020,N/A
2015,4,1,16,30,442,111,16,0.037,3,64.64,24,1020,N/A
2015,4,1,17,30,409,400,16,0.037,3.2,63.68,24,1020,N/A
2015,4,1,18,30,415,364,16,0.037,3.5,63.07,24,1010,N/A
2015,4,1,19,30,307,494,16,0.037,3.6,62.5,24,1010,N/A
2015,4,1,20,30,103,850,16,0.037,3.5,62.050000000000004,24,1010,N/A
2015,4,1,21,30,203,277,16,0.037,3.2,65.64,23,1010,N/A
2015,4,1,22,30,64,606,16,0.037,2.6,71.01,22,1010,N/A
2015,4,1,23,30,20,173,17,0.037,2.1,84.64,20,1010,N/A
2015,4,2,0,30,0,0,18,0.037,2.1,94.59,19,1020,N/A
2015,4,2,1,30,0,0,18,0.037,2.1,99.32000000000001,19,1020,N/A
2015,4,2,2,30,0,0,19,0.037,2,100,19,1020,N/A
2015,4,2,3,30,0,0,19,0.037,1.8,100,19,1020,N/A
2015,4,2,4,30,0,0,18,0.037,1.6,100,18,1020,N/A
2015,4,2,5,30,0,0,18,0.037,1.5,100,18,1020,N/A
2015,4,2,6,30,0,0,18,0.037,1.4000000000000001,100,18,1020,N/A
2015,4,2,7,30,0,0,18,0.037,1.4000000000000001,100,18,1020,N/A
2015,4,2,8,30,0,0,18,0.037,1.4000000000000001,100,18,1020,N/A
2015,4,2,9,30,0,0,18,0.037,1.5,100,18,1020,N/A
2015,4,2,10,30,0,0,18,0.037,1.5,100,18,1020,N/A
2015,4,2,11,30,9,0,18,0.037,1.8,98.8,19,1020,N/A
2015,4,2,12,30,96,143,19,0.037,2.2,95.23,20,1020,N/A
2015,4,2,13,30,193,246,19,0.037,2,84.47,22,1020,N/A
2015,4,2,14,30,137,748,18,0.037,1.2000000000000002,77.36,23,1020,N/A
2015,4,2,15,30,162,786,18,0.037,0.6000000000000001,70.21000000000001,24,1020,N/A
2015,4,2,16,30,173,814,17,0.037,0.30000000000000004,63.71,25,1020,N/A
2015,4,2,17,30,424,375,17,0.037,0.2,57.9,26,1020,N/A
2015,4,2,18,30,451,122,17,0.037,0.30000000000000004,58.04,26,1020,N/A
2015,4,2,19,30,386,285,17,0.037,0.6000000000000001,59.08,26,1020,N/A
2015,4,2,20,30,290,341,17,0.037,1,59.730000000000004,26,1020,N/A
2015,4,2,21,30,215,171,17,0.037,1.6,63.59,25,1020,N/A
2015,4,2,22,30,86,465,17,0.037,2.2,69.02,24,1020,N/A
2015,4,2,23,30,20,84,18,0.037,2.5,82.93,22,1020,N/A
2015,4,3,0,30,0,0,19,0.037,2.5,90.73,21,1020,N/A
2015,4,3,1,30,0,0,19,0.037,2.2,93.54,21,1020,N/A
2015,4,3,2,30,0,0,20,0.037,1.8,100,20,1020,N/A
2015,4,3,3,30,0,0,19,0.037,1.5,99.87,20,1020,N/A
2015,4,3,4,30,0,0,19,0.037,1.2000000000000002,98.65,20,1020,N/A
2015,4,3,5,30,0,0,19,0.037,0.9,97.69,20,1020,N/A
2015,4,3,6,30,0,0,19,0.037,0.8,100,19,1020,N/A
2015,4,3,7,30,0,0,19,0.037,0.8,100,19,1010,N/A
2015,4,3,8,30,0,0,19,0.037,0.7000000000000001,100,19,1010,N/A
2015,4,3,9,30,0,0,19,0.037,0.5,100,19,1020,N/A
2015,4,3,10,30,0,0,19,0.037,0.4,100,19,1020,N/A
2015,4,3,11,30,10,35,19,0.037,0.7000000000000001,98.16,20,1020,N/A
2015,4,3,12,30,84,419,20,0.037,1.1,89.07000000000001,22,1020,N/A
2015,4,3,13,30,121,628,19,0.037,1.4000000000000001,81.49,23,1020,N/A
2015,4,3,14,30,144,736,19,0.037,1.5,74.34,24,1020,N/A
2015,4,3,15,30,121,863,19,0.037,1.5,69.54,25,1020,N/A
2015,4,3,16,30,129,887,18,0.037,1.6,64.94,26,1020,N/A
2015,4,3,17,30,133,894,18,0.037,1.6,64.58,26,1020,N/A
2015,4,3,18,30,136,879,18,0.037,1.8,60.13,27,1020,N/A
2015,4,3,19,30,131,851,18,0.037,2.2,62.95,26,1010,N/A
2015,4,3,20,30,122,797,18,0.037,2.5,62.31,26,1010,N/A
2015,4,3,21,30,105,703,18,0.037,2.9000000000000004,65.31,25,1010,N/A
2015,4,3,22,30,77,523,18,0.037,3,69.65,24,1010,N/A
2015,4,3,23,30,22,117,18,0.037,3,80.77,22,1010,N/A
2015,4,4,0,30,0,0,18,0.037,2.9000000000000004,87.88,21,1010,N/A
2015,4,4,1,30,0,0,19,0.037,2.5,88.88,21,1020,N/A
2015,4,4,2,30,0,0,19,0.037,2.2,94.60000000000001,20,1020,N/A
2015,4,4,3,30,0,0,19,0.037,1.8,94.47,20,1020,N/A
2015,4,4,4,30,0,0,19,0.037,1.6,94.29,20,1020,N/A
2015,4,4,5,30,0,0,19,0.037,1.5,100,20,1010,N/A
2015,4,4,6,30,0,0,19,0.037,1.5,100,19,1010,N/A
2015,4,4,7,30,0,0,19,0.037,1.4000000000000001,100,19,1010,N/A
2015,4,4,8,30,0,0,19,0.037,1.3,100,19,1010,N/A
2015,4,4,9,30,0,0,19,0.037,1.2000000000000002,100,19,1010,N/A
2015,4,4,10,30,0,0,19,0.037,0.9,100,19,1010,N/A
2015,4,4,11,30,14,76,19,0.037,0.8,94.55,20,1020,N/A
2015,4,4,12,30,68,542,19,0.037,1.1,85.47,22,1020,N/A
2015,4,4,13,30,92,740,19,0.037,1.7000000000000002,78.31,23,1020,N/A
2015,4,4,14,30,106,838,18,0.037,2.2,71.83,24,1020,N/A
2015,4,4,15,30,114,893,18,0.037,2.5,66.51,25,1020,N/A
2015,4,4,16,30,116,926,17,0.037,2.9000000000000004,61.28,26,1020,N/A
2015,4,4,17,30,448,326,17,0.037,3.1,59.63,26,1010,N/A
2015,4,4,18,30,112,939,17,0.037,3.2,57.9,26,1010,N/A
2015,4,4,19,30,107,917,16,0.037,3.3000000000000003,56.300000000000004,26,1010,N/A
2015,4,4,20,30,98,872,16,0.037,3.4000000000000004,58.53,25,1010,N/A
2015,4,4,21,30,84,785,16,0.037,3.5,61.65,24,1010,N/A
2015,4,4,22,30,65,609,16,0.037,3.1,66.96000000000001,23,1010,N/A
2015,4,4,23,30,21,175,17,0.037,2.5,80.52,22,1010,N/A
2015,4,5,0,30,0,0,18,0.037,2.2,86.5,21,1020,N/A
2015,4,5,1,30,0,0,19,0.037,2,97.93,20,1020,N/A
2015,4,5,2,30,0,0,20,0.037,1.8,100,20,1020,N/A
2015,4,5,3,30,0,0,20,0.037,1.7000000000000002,100,20,1020,N/A
2015,4,5,4,30,0,0,20,0.037,1.7000000000000002,100,20,1010,N/A
2015,4,5,5,30,0,0,20,0.037,1.7000000000000002,100,20,1010,N/A
2015,4,5,6,30,0,0,20,0.037,1.7000000000000002,100,20,1010,N/A
2015,4,5,7,30,0,0,20,0.037,1.7000000000000002,100,20,1010,N/A
2015,4,5,8,30,0,0,20,0.037,1.8,100,20,1010,N/A
2015,4,5,9,30,0,0,20,0.037,2,100,20,1010,N/A
2015,4,5,10,30,0,0,20,0.037,2.2,100,20,1010,N/A
2015,4,5,11,30,13,0,20,0.037,2.8000000000000003,100,20,1010,N/A
2015,4,5,12,30,97,225,20,0.037,3.3000000000000003,91.96000000000001,22,1010,N/A
2015,4,5,13,30,102,676,20,0.037,3.3000000000000003,84.13,23,1020,N/A
2015,4,5,14,30,119,779,19,0.037,3,75.29,25,1020,N/A
2015,4,5,15,30,122,847,19,0.037,2.5,69.75,26,1020,N/A
2015,4,5,16,30,130,872,18,0.037,2,64.98,27,1010,N/A
2015,4,5,17,30,386,492,18,0.037,1.7000000000000002,59.33,27,1010,N/A
2015,4,5,18,30,419,363,18,0.037,1.3,54.71,28,1010,N/A
2015,4,5,19,30,340,425,18,0.037,1,59.15,27,1010,N/A
2015,4,5,20,30,299,316,18,0.037,1.1,64.99,26,1010,N/A
2015,4,5,21,30,147,564,19,0.037,1.2000000000000002,71.12,25,1010,N/A
2015,4,5,22,30,106,359,19,0.037,1.5,77.91,24,1010,N/A
2015,4,5,23,30,22,43,20,0.037,2,85.29,23,1010,N/A
2015,4,6,0,30,0,0,20,0.037,2.8000000000000003,91.4,23,1010,N/A
2015,4,6,1,30,0,0,20,0.037,3.6,91.28,22,1010,N/A
2015,4,6,2,30,0,0,20,0.037,3.9000000000000004,90.55,22,1020,N/A
2015,4,6,3,30,0,0,20,0.037,3.8000000000000003,95.2,21,1020,N/A
2015,4,6,4,30,0,0,20,0.037,3.7,94.42,21,1020,N/A
2015,4,6,5,30,0,0,20,0.037,3.6,100,20,1010,N/A
2015,4,6,6,30,0,0,20,0.037,3.4000000000000004,100,20,1010,N/A
2015,4,6,7,30,0,0,20,0.037,3.2,100,20,1010,N/A
2015,4,6,8,30,0,0,20,0.037,3,100,20,1010,N/A
2015,4,6,9,30,0,0,19,0.037,2.8000000000000003,100,20,1010,N/A
2015,4,6,10,30,0,0,19,0.037,2.9000000000000004,100,20,1020,N/A
2015,4,6,11,30,8,0,20,0.037,3.3000000000000003,100,20,1020,N/A
2015,4,6,12,30,102,54,20,0.037,3.6,92.06,22,1020,N/A
2015,4,6,13,30,202,236,20,0.037,3.3000000000000003,81.60000000000001,24,1020,N/A
2015,4,6,14,30,129,753,20,0.037,2.6,74.39,25,1020,N/A
2015,4,6,15,30,136,815,19,0.037,2,69.4,26,1020,N/A
2015,4,6,16,30,139,849,19,0.037,1.6,65.06,27,1020,N/A
2015,4,6,17,30,139,860,19,0.037,1.2000000000000002,60.42,28,1020,N/A
2015,4,6,18,30,146,838,19,0.037,0.9,59.76,28,1010,N/A
2015,4,6,19,30,334,438,19,0.037,0.9,64.3,27,1010,N/A
2015,4,6,20,30,130,753,19,0.037,1.1,69.45,26,1010,N/A
2015,4,6,21,30,118,640,20,0.037,1.2000000000000002,74.48,25,1010,N/A
2015,4,6,22,30,88,448,20,0.037,1.3,80.46000000000001,24,1020,N/A
2015,4,6,23,30,24,89,20,0.037,1.3,88.03,23,1020,N/A
2015,4,7,0,30,0,0,21,0.037,1.3,89.72,23,1020,N/A
2015,4,7,1,30,0,0,21,0.037,1.3,90.42,23,1020,N/A
2015,4,7,2,30,0,0,21,0.037,1.6,95.5,22,1020,N/A
2015,4,7,3,30,0,0,21,0.037,2.1,94.09,22,1020,N/A
2015,4,7,4,30,0,0,20,0.037,2.6,93.03,22,1020,N/A
2015,4,7,5,30,0,0,20,0.037,2.9000000000000004,98.60000000000001,21,1020,N/A
2015,4,7,6,30,0,0,20,0.037,2.8000000000000003,98.64,21,1020,N/A
2015,4,7,7,30,0,0,20,0.037,2.6,98.79,21,1020,N/A
2015,4,7,8,30,0,0,20,0.037,2.6,100,20,1010,N/A
2015,4,7,9,30,0,0,20,0.037,2.6,100,20,1020,N/A
2015,4,7,10,30,0,0,20,0.037,2.6,100,20,1020,N/A
2015,4,7,11,30,17,110,20,0.037,2.9000000000000004,99.60000000000001,21,1020,N/A
2015,4,7,12,30,67,535,21,0.037,3.1,96.71000000000001,23,1020,N/A
2015,4,7,13,30,91,716,21,0.037,2.9000000000000004,84.34,24,1020,N/A
2015,4,7,14,30,107,806,20,0.037,2.4000000000000004,75.68,25,1020,N/A
2015,4,7,15,30,366,353,20,0.037,1.8,70.39,26,1020,N/A
2015,4,7,16,30,433,317,19,0.037,1.3,65.52,27,1020,N/A
2015,4,7,17,30,446,342,19,0.037,0.8,59.5,28,1020,N/A
2015,4,7,18,30,374,464,19,0.037,0.4,58.65,28,1020,N/A
2015,4,7,19,30,354,400,19,0.037,0.6000000000000001,63.63,27,1010,N/A
2015,4,7,20,30,314,92,19,0.037,1.1,65.01,27,1010,N/A
2015,4,7,21,30,220,143,20,0.037,1.7000000000000002,69.82000000000001,26,1020,N/A
2015,4,7,22,30,104,14,20,0.037,2,75.94,25,1020,N/A
2015,4,7,23,30,14,0,21,0.037,2.1,83.65,24,1020,N/A
2015,4,8,0,30,0,0,21,0.037,2.1,90.56,23,1020,N/A
2015,4,8,1,30,0,0,21,0.037,1.8,91.84,23,1020,N/A
2015,4,8,2,30,0,0,21,0.037,1.6,92.14,23,1020,N/A
2015,4,8,3,30,0,0,21,0.037,1.5,91.5,23,1020,N/A
2015,4,8,4,30,0,0,21,0.037,1.7000000000000002,95.85000000000001,22,1020,N/A
2015,4,8,5,30,0,0,21,0.037,2,94.79,22,1020,N/A
2015,4,8,6,30,0,0,21,0.037,2.4000000000000004,94.21000000000001,22,1020,N/A
2015,4,8,7,30,0,0,21,0.037,2.5,94.12,22,1010,N/A
2015,4,8,8,30,0,0,21,0.037,2.5,100,21,1010,N/A
2015,4,8,9,30,0,0,21,0.037,2.4000000000000004,100,21,1010,N/A
2015,4,8,10,30,0,0,21,0.037,2.5,100,21,1020,N/A
2015,4,8,11,30,12,0,21,0.037,2.9000000000000004,100,21,1020,N/A
2015,4,8,12,30,80,464,21,0.037,3,91.63,23,1020,N/A
2015,4,8,13,30,111,653,21,0.037,2.5,84.4,24,1020,N/A
2015,4,8,14,30,130,752,20,0.037,1.9000000000000001,76.59,25,1020,N/A
2015,4,8,15,30,142,807,20,0.037,1.4000000000000001,71.27,26,1020,N/A
2015,4,8,16,30,149,836,20,0.037,1.2000000000000002,66.59,27,1020,N/A
2015,4,8,17,30,152,844,19,0.037,1.1,60.92,28,1020,N/A
2015,4,8,18,30,150,836,19,0.037,1.1,59.480000000000004,28,1010,N/A
2015,4,8,19,30,146,807,19,0.037,1,58.93,28,1010,N/A
2015,4,8,20,30,136,750,19,0.037,0.9,59.160000000000004,28,1010,N/A
2015,4,8,21,30,214,234,19,0.037,0.9,63.550000000000004,27,1010,N/A
2015,4,8,22,30,85,476,19,0.037,1.1,68.83,26,1010,N/A
2015,4,8,23,30,25,103,20,0.037,1.2000000000000002,75.47,25,1010,N/A
2015,4,9,0,30,0,0,20,0.037,1.4000000000000001,79.89,24,1010,N/A
2015,4,9,1,30,0,0,20,0.037,1.6,84.96000000000001,23,1010,N/A
2015,4,9,2,30,0,0,20,0.037,1.9000000000000001,84.25,23,1010,N/A
2015,4,9,3,30,0,0,20,0.037,2.2,88.56,22,1010,N/A
2015,4,9,4,30,0,0,19,0.037,2.2,88.06,22,1010,N/A
2015,4,9,5,30,0,0,19,0.037,2.1,93.58,22,1010,N/A
2015,4,9,6,30,0,0,19,0.037,2.1,93.82000000000001,21,1010,N/A
2015,4,9,7,30,0,0,20,0.037,2,94.3,21,1010,N/A
2015,4,9,8,30,0,0,20,0.037,2,100,20,1010,N/A
2015,4,9,9,30,0,0,20,0.037,2.1,100,20,1010,N/A
2015,4,9,10,30,0,0,20,0.037,2.5,100,20,1010,N/A
2015,4,9,11,30,20,121,20,0.037,3.3000000000000003,97.15,21,1020,N/A
2015,4,9,12,30,67,558,20,0.037,3.7,87.02,23,1020,N/A
2015,4,9,13,30,89,743,20,0.037,3.3000000000000003,79.92,24,1020,N/A
2015,4,9,14,30,102,837,19,0.037,2.6,68.08,26,1020,N/A
2015,4,9,15,30,110,886,19,0.037,2,62.75,27,1020,N/A
2015,4,9,16,30,115,911,19,0.037,1.6,61.99,28,1020,N/A
2015,4,9,17,30,118,917,18,0.037,1.1,57.08,28,1020,N/A
2015,4,9,18,30,119,903,18,0.037,0.8,53.09,29,1010,N/A
2015,4,9,19,30,378,341,18,0.037,1,53.870000000000005,29,1010,N/A
2015,4,9,20,30,302,320,18,0.037,1.5,57.27,28,1010,N/A
2015,4,9,21,30,162,501,18,0.037,1.9000000000000001,60.77,27,1010,N/A
2015,4,9,22,30,111,223,19,0.037,2.2,66.21000000000001,26,1010,N/A
2015,4,9,23,30,24,21,20,0.037,2.3000000000000003,73.82000000000001,25,1010,N/A
2015,4,10,0,30,0,0,20,0.037,1.9000000000000001,80.7,24,1010,N/A
2015,4,10,1,30,0,0,20,0.037,1.5,87.82000000000001,23,1010,N/A
2015,4,10,2,30,0,0,21,0.037,1.5,88.61,23,1020,N/A
2015,4,10,3,30,0,0,20,0.037,1.6,93.69,23,1010,N/A
2015,4,10,4,30,0,0,20,0.037,2,92.45,22,1010,N/A
2015,4,10,5,30,0,0,20,0.037,2.4000000000000004,91.69,22,1010,N/A
2015,4,10,6,30,0,0,20,0.037,2.8000000000000003,91.77,22,1010,N/A
2015,4,10,7,30,0,0,20,0.037,3,92.29,22,1010,N/A
2015,4,10,8,30,0,0,20,0.037,3,93.09,22,1010,N/A
2015,4,10,9,30,0,0,21,0.037,2.8000000000000003,100,21,1010,N/A
2015,4,10,10,30,0,0,21,0.037,2.5,100,21,1010,N/A
2015,4,10,11,30,18,0,21,0.037,2.8000000000000003,96.54,22,1010,N/A
2015,4,10,12,30,75,518,21,0.037,3.1,86.75,24,1020,N/A
2015,4,10,13,30,98,709,21,0.037,2.8000000000000003,80.24,25,1020,N/A
2015,4,10,14,30,112,805,21,0.037,2.1,74.04,26,1020,N/A
2015,4,10,15,30,121,857,20,0.037,1.4000000000000001,69.60000000000001,27,1020,N/A
2015,4,10,16,30,126,882,20,0.037,1,65.03,28,1020,N/A
2015,4,10,17,30,130,885,20,0.037,1.3,64.15,28,1010,N/A
2015,4,10,18,30,135,867,20,0.037,2,63.61,28,1010,N/A
2015,4,10,19,30,135,831,20,0.037,2.6,63.190000000000005,28,1010,N/A
2015,4,10,20,30,126,775,20,0.037,2.9000000000000004,66.88,27,1010,N/A
2015,4,10,21,30,110,680,20,0.037,2.7,71.05,26,1010,N/A
2015,4,10,22,30,110,239,20,0.037,2.1,76.12,25,1010,N/A
2015,4,10,23,30,26,145,20,0.037,1.7000000000000002,82.5,24,1010,N/A
2015,4,11,0,30,0,0,21,0.037,1.7000000000000002,83.87,24,1010,N/A
2015,4,11,1,30,0,0,21,0.037,1.7000000000000002,91.46000000000001,23,1010,N/A
2015,4,11,2,30,0,0,21,0.037,1.6,93.53,23,1010,N/A
2015,4,11,3,30,0,0,22,0.037,1.4000000000000001,94.46000000000001,23,1010,N/A
2015,4,11,4,30,0,0,22,0.037,0.9,100,23,1010,N/A
2015,4,11,5,30,0,0,22,0.037,0.5,100,22,1010,N/A
2015,4,11,6,30,0,0,21,0.037,0.4,99.89,22,1010,N/A
2015,4,11,7,30,0,0,21,0.037,0.6000000000000001,99.99000000000001,22,1010,N/A
2015,4,11,8,30,0,0,22,0.037,0.8,100,22,1010,N/A
2015,4,11,9,30,0,0,21,0.037,0.9,100,22,1010,N/A
2015,4,11,10,30,0,0,21,0.037,1,100,22,1010,N/A
2015,4,11,11,30,21,0,22,0.037,1.2000000000000002,100,22,1010,N/A
2015,4,11,12,30,110,59,22,0.037,1.1,94.71000000000001,24,1020,N/A
2015,4,11,13,30,206,269,21,0.037,0.9,80.84,25,1020,N/A
2015,4,11,14,30,184,648,21,0.037,1,74.76,26,1020,N/A
2015,4,11,15,30,370,359,21,0.037,1.2000000000000002,75.08,26,1020,N/A
2015,4,11,16,30,118,891,21,0.037,1.4000000000000001,70.73,27,1010,N/A
2015,4,11,17,30,118,901,21,0.037,1.7000000000000002,66.1,28,1010,N/A
2015,4,11,18,30,459,244,20,0.037,2,65.04,28,1010,N/A
2015,4,11,19,30,309,517,20,0.037,2.3000000000000003,67.85,27,1010,N/A
2015,4,11,20,30,316,261,20,0.037,2.4000000000000004,67.41,27,1010,N/A
2015,4,11,21,30,214,253,20,0.037,2.3000000000000003,71.5,26,1010,N/A
2015,4,11,22,30,100,341,20,0.037,2.1,77.33,25,1010,N/A
2015,4,11,23,30,28,113,21,0.037,2,84.87,24,1010,N/A
2015,4,12,0,30,0,0,21,0.037,2.1,87.43,24,1010,N/A
2015,4,12,1,30,0,0,22,0.037,2.1,95.41,24,1010,N/A
2015,4,12,2,30,0,0,22,0.037,2.1,96.94,23,1010,N/A
2015,4,12,3,30,0,0,22,0.037,2,96.79,23,1010,N/A
2015,4,12,4,30,0,0,22,0.037,1.8,100,22,1010,N/A
2015,4,12,5,30,0,0,22,0.037,1.6,100,22,1010,N/A
2015,4,12,6,30,0,0,21,0.037,1.6,99.69,22,1010,N/A
2015,4,12,7,30,0,0,21,0.037,1.6,99.02,22,1010,N/A
2015,4,12,8,30,0,0,21,0.037,1.6,98.68,22,1010,N/A
2015,4,12,9,30,0,0,21,0.037,1.8,98.37,22,1010,N/A
2015,4,12,10,30,0,0,21,0.037,2,98.27,22,1010,N/A
2015,4,12,11,30,13,0,21,0.037,2.4000000000000004,99.05,22,1010,N/A
2015,4,12,12,30,108,222,22,0.037,2.5,95.41,23,1010,N/A
2015,4,12,13,30,219,133,22,0.037,2,89.92,24,1010,N/A
2015,4,12,14,30,323,167,21,0.037,1.5,82.48,25,1010,N/A
2015,4,12,15,30,400,102,21,0.037,1.1,77.45,26,1010,N/A
2015,4,12,16,30,431,344,21,0.037,1,73.16,27,1010,N/A
2015,4,12,17,30,150,842,21,0.037,1.1,68.41,28,1010,N/A
2015,4,12,18,30,424,364,21,0.037,1.2000000000000002,67.67,28,1010,N/A
2015,4,12,19,30,372,366,21,0.037,1,71.28,27,1010,N/A
2015,4,12,20,30,221,559,21,0.037,0.6000000000000001,71.24,27,1010,N/A
2015,4,12,21,30,174,471,21,0.037,0.5,76.06,26,1010,N/A
2015,4,12,22,30,93,401,21,0.037,0.6000000000000001,81.92,26,1010,N/A
2015,4,12,23,30,28,60,22,0.037,0.7000000000000001,84.35000000000001,25,1010,N/A
2015,4,13,0,30,0,0,22,0.037,0.9,84.54,25,1010,N/A
2015,4,13,1,30,0,0,22,0.037,1.1,90.24,24,1010,N/A
2015,4,13,2,30,0,0,22,0.037,1.2000000000000002,90.71000000000001,24,1010,N/A
2015,4,13,3,30,0,0,22,0.037,1.1,91.14,24,1010,N/A
2015,4,13,4,30,0,0,22,0.037,1.1,96.69,24,1010,N/A
2015,4,13,5,30,0,0,22,0.037,1.2000000000000002,96.62,23,1010,N/A
2015,4,13,6,30,0,0,22,0.037,1.5,96.51,23,1010,N/A
2015,4,13,7,30,0,0,22,0.037,1.8,96.75,23,1010,N/A
2015,4,13,8,30,0,0,22,0.037,1.9000000000000001,97.16,23,1010,N/A
2015,4,13,9,30,0,0,22,0.037,1.9000000000000001,97.43,23,1010,N/A
2015,4,13,10,30,0,0,22,0.037,2,97.68,23,1010,N/A
2015,4,13,11,30,9,0,22,0.037,2.4000000000000004,98.53,23,1020,N/A
2015,4,13,12,30,98,0,23,0.037,2.8000000000000003,100,23,1020,N/A
2015,4,13,13,30,205,295,23,0.037,3.2,96.2,24,1020,N/A
2015,4,13,14,30,221,552,23,0.037,3.6,89.23,25,1020,N/A
2015,4,13,15,30,389,306,22,0.037,3.6,81.75,26,1020,N/A
2015,4,13,16,30,136,853,22,0.037,3.3000000000000003,75.7,27,1020,N/A
2015,4,13,17,30,462,330,22,0.037,2.9000000000000004,74.87,27,1020,N/A
2015,4,13,18,30,171,797,22,0.037,2.5,74.59,27,1010,N/A
2015,4,13,19,30,376,355,22,0.037,2.2,74.60000000000001,27,1010,N/A
2015,4,13,20,30,318,254,22,0.037,1.9000000000000001,75.10000000000001,27,1010,N/A
2015,4,13,21,30,141,582,22,0.037,1.5,80.58,26,1010,N/A
2015,4,13,22,30,116,196,22,0.037,1.1,86.11,26,1010,N/A
2015,4,13,23,30,29,87,22,0.037,0.8,86.97,25,1010,N/A
2015,4,14,0,30,0,0,22,0.037,0.7000000000000001,86.27,25,1020,N/A
2015,4,14,1,30,0,0,22,0.037,0.5,92.28,25,1020,N/A
2015,4,14,2,30,0,0,22,0.037,0.30000000000000004,92.86,24,1020,N/A
2015,4,14,3,30,0,0,22,0.037,0.4,92.81,24,1020,N/A
2015,4,14,4,30,0,0,22,0.037,0.6000000000000001,98.28,23,1020,N/A
2015,4,14,5,30,0,0,22,0.037,0.9,97.86,23,1020,N/A
2015,4,14,6,30,0,0,22,0.037,1.1,100,23,1010,N/A
2015,4,14,7,30,0,0,22,0.037,1.2000000000000002,100,22,1010,N/A
2015,4,14,8,30,0,0,22,0.037,1.4000000000000001,100,22,1010,N/A
2015,4,14,9,30,0,0,22,0.037,1.5,100,22,1010,N/A
2015,4,14,10,30,0,0,22,0.037,1.5,100,22,1020,N/A
2015,4,14,11,30,27,80,22,0.037,1.8,100,22,1020,N/A
2015,4,14,12,30,98,414,22,0.037,2.1,97.97,23,1020,N/A
2015,4,14,13,30,134,602,22,0.037,2.2,92.72,24,1020,N/A
2015,4,14,14,30,152,710,22,0.037,2.1,85.37,25,1020,N/A
2015,4,14,15,30,149,796,22,0.037,1.9000000000000001,79,26,1020,N/A
2015,4,14,16,30,152,829,21,0.037,1.8,78.58,27,1020,N/A
2015,4,14,17,30,154,838,21,0.037,1.6,73.96000000000001,27,1020,N/A
2015,4,14,18,30,170,803,21,0.037,1.6,73.97,27,1010,N/A
2015,4,14,19,30,169,763,21,0.037,1.8,73.87,27,1010,N/A
2015,4,14,20,30,162,692,21,0.037,1.9000000000000001,73.95,27,1010,N/A
2015,4,14,21,30,151,561,21,0.037,1.9000000000000001,78.44,26,1010,N/A
2015,4,14,22,30,123,224,22,0.037,1.7000000000000002,84.05,25,1010,N/A
2015,4,14,23,30,29,64,22,0.037,1.6,86.18,25,1010,N/A
2015,4,15,0,30,0,0,22,0.037,1.6,92.47,24,1010,N/A
2015,4,15,1,30,0,0,23,0.037,1.7000000000000002,94.42,24,1010,N/A
2015,4,15,2,30,0,0,23,0.037,2,96.07000000000001,24,1010,N/A
2015,4,15,3,30,0,0,23,0.037,1.8,100,24,1010,N/A
2015,4,15,4,30,0,0,23,0.037,1.3,100,23,1010,N/A
2015,4,15,5,30,0,0,23,0.037,0.6000000000000001,100,23,1010,N/A
2015,4,15,6,30,0,0,23,0.037,0.4,100,23,1010,N/A
2015,4,15,7,30,0,0,22,0.037,0.9,99.72,23,1010,N/A
2015,4,15,8,30,0,0,22,0.037,1.4000000000000001,99.43,23,1010,N/A
2015,4,15,9,30,0,0,22,0.037,1.5,100,23,1010,N/A
2015,4,15,10,30,0,0,22,0.037,1.4000000000000001,100,23,1010,N/A
2015,4,15,11,30,29,108,22,0.037,1.6,99.38,23,1010,N/A
2015,4,15,12,30,87,483,22,0.037,2,87.23,25,1010,N/A
2015,4,15,13,30,111,677,22,0.037,2.5,79.27,26,1010,N/A
2015,4,15,14,30,123,779,21,0.037,2.7,73.22,27,1010,N/A
2015,4,15,15,30,382,339,21,0.037,2.8000000000000003,68.13,28,1010,N/A
2015,4,15,16,30,139,856,21,0.037,2.7,67.09,28,1010,N/A
2015,4,15,17,30,454,345,21,0.037,2.9000000000000004,62.620000000000005,29,1010,N/A
2015,4,15,18,30,392,431,21,0.037,3.3000000000000003,66.29,28,1010,N/A
2015,4,15,19,30,398,285,21,0.037,3.5,70.88,27,1010,N/A
2015,4,15,20,30,308,313,21,0.037,3.6,76.38,26,1010,N/A
2015,4,15,21,30,225,185,21,0.037,3.4000000000000004,78.15,26,1010,N/A
2015,4,15,22,30,97,387,22,0.037,2.8000000000000003,85.09,25,1010,N/A
2015,4,15,23,30,30,138,22,0.037,2.2,92.64,25,1010,N/A
2015,4,16,0,30,0,0,23,0.037,1.9000000000000001,94.52,24,1010,N/A
2015,4,16,1,30,0,0,23,0.037,1.9000000000000001,95.76,24,1010,N/A
2015,4,16,2,30,0,0,23,0.037,1.9000000000000001,96.16,24,1010,N/A
2015,4,16,3,30,0,0,23,0.037,2,100,24,1010,N/A
2015,4,16,4,30,0,0,22,0.037,2.1,99.86,23,1010,N/A
2015,4,16,5,30,0,0,22,0.037,2.2,98.08,23,1010,N/A
2015,4,16,6,30,0,0,22,0.037,2.2,96.47,23,1010,N/A
2015,4,16,7,30,0,0,22,0.037,2.3000000000000003,95.17,23,1010,N/A
2015,4,16,8,30,0,0,22,0.037,2.4000000000000004,100,23,1010,N/A
2015,4,16,9,30,0,0,21,0.037,2.4000000000000004,99.95,22,1010,N/A
2015,4,16,10,30,0,0,22,0.037,2.3000000000000003,100,22,1010,N/A
2015,4,16,11,30,29,106,22,0.037,2.4000000000000004,100,23,1010,N/A
2015,4,16,12,30,97,379,22,0.037,2.4000000000000004,97.87,23,1010,N/A
2015,4,16,13,30,222,209,22,0.037,2.2,93.7,24,1010,N/A
2015,4,16,14,30,223,558,22,0.037,1.8,86.07000000000001,26,1010,N/A
2015,4,16,15,30,381,359,21,0.037,1.3,77.33,27,1010,N/A
2015,4,16,16,30,456,275,21,0.037,0.9,71.87,27,1010,N/A
2015,4,16,17,30,491,166,21,0.037,1,66.96000000000001,28,1010,N/A
2015,4,16,18,30,468,128,21,0.037,1.1,66.48,28,1010,N/A
2015,4,16,19,30,279,15,21,0.037,1.3,66.05,28,1010,N/A
2015,4,16,20,30,190,4,21,0.037,1.6,65.97,28,1010,N/A
2015,4,16,21,30,225,185,21,0.037,1.8,70.39,27,1010,N/A
2015,4,16,22,30,15,0,21,0.037,1.7000000000000002,75.95,26,1010,N/A
2015,4,16,23,30,2,0,21,0.037,1.9000000000000001,82.75,25,1010,N/A
2015,4,17,0,30,0,0,21,0.037,2.6,88.48,25,1010,N/A
2015,4,17,1,30,0,0,22,0.037,3.4000000000000004,90.73,24,1010,N/A
2015,4,17,2,30,0,0,22,0.037,3.7,98.65,23,1010,N/A
2015,4,17,3,30,0,0,22,0.037,3.6,99.57000000000001,23,1010,N/A
2015,4,17,4,30,0,0,22,0.037,3.4000000000000004,99.03,23,1010,N/A
2015,4,17,5,30,0,0,22,0.037,3.3000000000000003,100,23,1010,N/A
2015,4,17,6,30,0,0,22,0.037,3.1,100,22,1010,N/A
2015,4,17,7,30,0,0,22,0.037,2.8000000000000003,100,22,1010,N/A
2015,4,17,8,30,0,0,22,0.037,2.4000000000000004,100,22,1010,N/A
2015,4,17,9,30,0,0,21,0.037,2.1,100,22,1010,N/A
2015,4,17,10,30,0,0,21,0.037,2,100,22,1010,N/A
2015,4,17,11,30,29,18,21,0.037,2,99.12,22,1010,N/A
2015,4,17,12,30,108,8,22,0.037,1.7000000000000002,95.34,23,1010,N/A
2015,4,17,13,30,227,126,22,0.037,1.5,91.04,24,1010,N/A
2015,4,17,14,30,329,200,22,0.037,1.6,85,25,1010,N/A
2015,4,17,15,30,383,345,22,0.037,1.8,84.93,26,1010,N/A
2015,4,17,16,30,355,25,22,0.037,1.9000000000000001,79.87,26,1010,N/A
2015,4,17,17,30,316,17,22,0.037,2.1,74.66,27,1010,N/A
2015,4,17,18,30,465,242,21,0.037,2.2,69.57000000000001,28,1010,N/A
2015,4,17,19,30,413,220,21,0.037,2.4000000000000004,68.75,28,1010,N/A
2015,4,17,20,30,331,146,21,0.037,2.5,72.35000000000001,27,1010,N/A
2015,4,17,21,30,171,480,21,0.037,2.6,72.17,27,1010,N/A
2015,4,17,22,30,68,0,21,0.037,2.2,77.06,26,1010,N/A
2015,4,17,23,30,31,126,22,0.037,1.5,83.82000000000001,25,1010,N/A
2015,4,18,0,30,0,0,22,0.037,1.2000000000000002,89.84,24,1010,N/A
2015,4,18,1,30,0,0,22,0.037,1.2000000000000002,90.93,24,1010,N/A
2015,4,18,2,30,0,0,22,0.037,1.2000000000000002,91.37,24,1010,N/A
2015,4,18,3,30,0,0,22,0.037,1.1,96.89,23,1010,N/A
2015,4,18,4,30,0,0,22,0.037,1,96.44,23,1010,N/A
2015,4,18,5,30,0,0,22,0.037,1,96.31,23,1010,N/A
2015,4,18,6,30,0,0,22,0.037,1,96.56,23,1010,N/A
2015,4,18,7,30,0,0,22,0.037,1.2000000000000002,97.04,23,1010,N/A
2015,4,18,8,30,0,0,22,0.037,1.4000000000000001,100,22,1010,N/A
2015,4,18,9,30,0,0,22,0.037,1.5,100,22,1010,N/A
2015,4,18,10,30,0,0,22,0.037,1.5,100,22,1010,N/A
2015,4,18,11,30,32,153,23,0.037,1.7000000000000002,100,23,1010,N/A
2015,4,18,12,30,88,494,23,0.037,2.1,96.61,25,1010,N/A
2015,4,18,13,30,119,659,22,0.037,2.3000000000000003,83.11,26,1010,N/A
2015,4,18,14,30,204,616,22,0.037,2.4000000000000004,76.42,27,1010,N/A
2015,4,18,15,30,391,321,22,0.037,2.6,75.96000000000001,28,1010,N/A
2015,4,18,16,30,408,400,22,0.037,2.8000000000000003,71.37,28,1010,N/A
2015,4,18,17,30,485,244,22,0.037,3.1,67.05,29,1010,N/A
2015,4,18,18,30,441,335,22,0.037,3.2,70.88,28,1010,N/A
2015,4,18,19,30,414,218,22,0.037,3.1,70.52,28,1010,N/A
2015,4,18,20,30,304,55,22,0.037,2.8000000000000003,74.39,27,1010,N/A
2015,4,18,21,30,204,344,22,0.037,2.6,79.02,27,1010,N/A
2015,4,18,22,30,59,0,22,0.037,2.3000000000000003,80.35000000000001,26,1010,N/A
2015,4,18,23,30,30,25,22,0.037,1.8,88.18,25,1010,N/A
2015,4,19,0,30,0,0,23,0.037,1.1,96.28,25,1010,N/A
2015,4,19,1,30,0,0,23,0.037,0.5,98.4,24,1010,N/A
2015,4,19,2,30,0,0,23,0.037,0.30000000000000004,99.2,24,1010,N/A
2015,4,19,3,30,0,0,23,0.037,0.5,98.45,24,1010,N/A
2015,4,19,4,30,0,0,23,0.037,0.9,100,24,1010,N/A
2015,4,19,5,30,0,0,23,0.037,1.2000000000000002,100,23,1010,N/A
2015,4,19,6,30,0,0,23,0.037,1.3,100,23,1010,N/A
2015,4,19,7,30,0,0,23,0.037,1.4000000000000001,100,23,1010,N/A
2015,4,19,8,30,0,0,22,0.037,1.5,98.91,23,1010,N/A
2015,4,19,9,30,0,0,22,0.037,1.7000000000000002,98.36,23,1010,N/A
2015,4,19,10,30,0,0,22,0.037,2,98.17,23,1010,N/A
2015,4,19,11,30,30,163,22,0.037,2.7,98.44,23,1010,N/A
2015,4,19,12,30,94,468,22,0.037,3.2,88.42,25,1010,N/A
2015,4,19,13,30,125,643,22,0.037,3.6,82.41,26,1010,N/A
2015,4,19,14,30,144,736,21,0.037,4.2,74.13,27,1010,N/A
2015,4,19,15,30,140,817,21,0.037,4.5,67.46000000000001,28,1010,N/A
2015,4,19,16,30,449,312,21,0.037,4.6000000000000005,67.15,28,1010,N/A
2015,4,19,17,30,421,410,21,0.037,4.7,67.79,28,1010,N/A
2015,4,19,18,30,449,313,21,0.037,4.800000000000001,68.47,28,1010,N/A
2015,4,19,19,30,382,352,21,0.037,4.800000000000001,73.89,27,1010,N/A
2015,4,19,20,30,293,380,22,0.037,4.800000000000001,80.42,26,1010,N/A
2015,4,19,21,30,188,418,22,0.037,4.5,87.2,25,1010,N/A
2015,4,19,22,30,4,0,22,0.037,3.8000000000000003,88.54,25,1010,N/A
2015,4,19,23,30,0,0,23,0.037,2.5,94.88,24,1010,N/A
2015,4,20,0,30,0,0,22,0.037,1.2000000000000002,93.56,24,1010,N/A
2015,4,20,1,30,0,0,22,0.037,0.9,96.42,23,1010,N/A
2015,4,20,2,30,0,0,22,0.037,1.3,95.22,23,1010,N/A
2015,4,20,3,30,0,0,22,0.037,1.6,95.21000000000001,23,1010,N/A
2015,4,20,4,30,0,0,22,0.037,1.7000000000000002,95.53,23,1010,N/A
2015,4,20,5,30,0,0,22,0.037,1.7000000000000002,95.44,23,1010,N/A
2015,4,20,6,30,0,0,22,0.037,1.6,95.3,23,1010,N/A
2015,4,20,7,30,0,0,22,0.037,1.4000000000000001,95.01,23,1010,N/A
2015,4,20,8,30,0,0,22,0.037,1.4000000000000001,94.68,23,1010,N/A
2015,4,20,9,30,0,0,22,0.037,1.4000000000000001,94.57000000000001,23,1010,N/A
2015,4,20,10,30,0,0,22,0.037,1.5,94.94,23,1010,N/A
2015,4,20,11,30,27,0,22,0.037,1.8,96.02,23,1010,N/A
2015,4,20,12,30,117,26,22,0.037,2.3000000000000003,93.18,24,1010,N/A
2015,4,20,13,30,211,322,23,0.037,2.7,94.66,24,1010,N/A
2015,4,20,14,30,333,203,23,0.037,3.1,89.27,25,1010,N/A
2015,4,20,15,30,419,142,22,0.037,3.5,83.18,26,1010,N/A
2015,4,20,16,30,472,129,22,0.037,3.5,81.71000000000001,27,1010,N/A
2015,4,20,17,30,459,67,22,0.037,3.4000000000000004,80.22,27,1010,N/A
2015,4,20,18,30,418,48,22,0.037,3.2,79.77,26,1010,N/A
2015,4,20,19,30,413,234,22,0.037,2.8000000000000003,80.18,26,1010,N/A
2015,4,20,20,30,117,0,22,0.037,2.4000000000000004,80.65,26,1010,N/A
2015,4,20,21,30,123,0,22,0.037,2,85.45,25,1010,N/A
2015,4,20,22,30,60,0,22,0.037,1.3,90.84,24,1010,N/A
2015,4,20,23,30,15,0,22,0.037,0.8,95.7,23,1010,N/A
2015,4,21,0,30,0,0,21,0.037,1.1,98.34,22,1010,N/A
2015,4,21,1,30,0,0,21,0.037,1.4000000000000001,100,21,1010,N/A
2015,4,21,2,30,0,0,21,0.037,1.6,100,21,1010,N/A
2015,4,21,3,30,0,0,21,0.037,1.8,100,21,1010,N/A
2015,4,21,4,30,0,0,21,0.037,1.9000000000000001,100,21,1010,N/A
2015,4,21,5,30,0,0,21,0.037,1.9000000000000001,100,21,1010,N/A
2015,4,21,6,30,0,0,21,0.037,1.8,100,21,1010,N/A
2015,4,21,7,30,0,0,21,0.037,1.7000000000000002,100,21,1010,N/A
2015,4,21,8,30,0,0,21,0.037,1.5,100,22,1010,N/A
2015,4,21,9,30,0,0,21,0.037,1.3,98.7,22,1010,N/A
2015,4,21,10,30,0,0,21,0.037,1.3,99.09,22,1010,N/A
2015,4,21,11,30,17,0,21,0.037,1.3,99.93,22,1010,N/A
2015,4,21,12,30,91,0,22,0.037,1.6,97.92,23,1010,N/A
2015,4,21,13,30,190,17,22,0.037,2.1,90.05,24,1010,N/A
2015,4,21,14,30,334,202,21,0.037,2.4000000000000004,79.17,25,1010,N/A
2015,4,21,15,30,410,261,20,0.037,2.4000000000000004,71.95,26,1010,N/A
2015,4,21,16,30,464,265,20,0.037,2.3000000000000003,66.78,27,1010,N/A
2015,4,21,17,30,482,100,19,0.037,2.5,65.44,27,1010,N/A
2015,4,21,18,30,465,105,19,0.037,3,64.42,28,1010,N/A
2015,4,21,19,30,384,350,19,0.037,3.6,64.14,27,1010,N/A
2015,4,21,20,30,332,198,19,0.037,4,67.74,27,1010,N/A
2015,4,21,21,30,219,267,19,0.037,4.5,71.67,26,1010,N/A
2015,4,21,22,30,122,195,19,0.037,4.7,76.3,25,1010,N/A
2015,4,21,23,30,34,172,19,0.037,3.7,80.11,23,1010,N/A
2015,4,22,0,30,0,0,18,0.037,2.5,76.9,23,1010,N/A
2015,4,22,1,30,0,0,17,0.037,2,72.5,23,1010,N/A
2015,4,22,2,30,0,0,16,0.037,1.9000000000000001,73.02,23,1010,N/A
2015,4,22,3,30,0,0,16,0.037,2.2,71.3,22,1010,N/A
2015,4,22,4,30,0,0,16,0.037,3,73.28,22,1010,N/A
2015,4,22,5,30,0,0,17,0.037,3.5,76.52,22,1010,N/A
2015,4,22,6,30,0,0,18,0.037,3.7,78.29,22,1010,N/A
2015,4,22,7,30,0,0,18,0.037,4.2,79.61,22,1010,N/A
2015,4,22,8,30,0,0,18,0.037,4.3,83.88,21,1010,N/A
2015,4,22,9,30,0,0,17,0.037,3.7,82.62,21,1010,N/A
2015,4,22,10,30,0,0,17,0.037,2.9000000000000004,81.48,21,1010,N/A
2015,4,22,11,30,38,70,17,0.037,2.4000000000000004,81.18,21,1010,N/A
2015,4,22,12,30,127,165,17,0.037,1.8,71.55,23,1010,N/A
2015,4,22,13,30,181,514,16,0.037,0.8,63.52,24,1010,N/A
2015,4,22,14,30,173,693,15,0.037,0.5,53,26,1010,N/A
2015,4,22,15,30,156,806,15,0.037,1.1,49.550000000000004,27,1010,N/A
2015,4,22,16,30,149,855,15,0.037,1.7000000000000002,47.84,28,1010,N/A
2015,4,22,17,30,148,867,16,0.037,2.3000000000000003,46.26,29,1010,N/A
2015,4,22,18,30,137,872,16,0.037,2.8000000000000003,47.13,29,1010,N/A
2015,4,22,19,30,359,405,16,0.037,3.1,50.96,28,1010,N/A
2015,4,22,20,30,300,360,17,0.037,3.1,51.63,28,1010,N/A
2015,4,22,21,30,203,356,17,0.037,3,54.89,27,1010,N/A
2015,4,22,22,30,84,531,17,0.037,2.7,59.050000000000004,26,1010,N/A
2015,4,22,23,30,33,185,18,0.037,2.4000000000000004,65.63,25,1010,N/A
2015,4,23,0,30,0,0,18,0.034,2.2,70.09,24,1010,N/A
2015,4,23,1,30,0,0,18,0.034,1.8,71.55,24,1010,N/A
2015,4,23,2,30,0,0,18,0.034,1.4000000000000001,76.61,23,1010,N/A
2015,4,23,3,30,0,0,18,0.034,1.2000000000000002,76.92,23,1010,N/A
2015,4,23,4,30,0,0,18,0.034,1.1,77.15,23,1010,N/A
2015,4,23,5,30,0,0,18,0.034,1,77.39,23,1010,N/A
2015,4,23,6,30,0,0,18,0.034,0.9,77.5,23,1010,N/A
2015,4,23,7,30,0,0,18,0.034,0.7000000000000001,77.91,23,1010,N/A
2015,4,23,8,30,0,0,19,0.034,0.7000000000000001,79.08,23,1010,N/A
2015,4,23,9,30,0,0,19,0.034,1,85.74,23,1010,N/A
2015,4,23,10,30,0,0,19,0.034,1.2000000000000002,86.63,23,1010,N/A
2015,4,23,11,30,29,0,19,0.034,1.4000000000000001,87.13,23,1010,N/A
2015,4,23,12,30,47,0,19,0.034,1.2000000000000002,77.7,24,1010,N/A
2015,4,23,13,30,210,35,20,0.034,0.6000000000000001,74.74,25,1010,N/A
2015,4,23,14,30,69,0,20,0.034,0.30000000000000004,73.57000000000001,26,1010,N/A
2015,4,23,15,30,231,10,21,0.034,0.8,71.85000000000001,27,1010,N/A
2015,4,23,16,30,365,26,21,0.034,1.6,74.10000000000001,27,1010,N/A
2015,4,23,17,30,465,335,22,0.034,2.1,75.72,27,1010,N/A
2015,4,23,18,30,437,62,22,0.034,2.4000000000000004,76.73,28,1010,N/A
2015,4,23,19,30,411,254,22,0.034,2.7,76.93,27,1010,N/A
2015,4,23,20,30,310,327,22,0.034,2.7,76.46000000000001,27,1010,N/A
2015,4,23,21,30,122,644,22,0.034,2.6,80.55,26,1010,N/A
2015,4,23,22,30,125,171,22,0.034,2.2,85.74,25,1010,N/A
2015,4,23,23,30,35,130,22,0.034,1.8,92.59,25,1010,N/A
2015,4,24,0,30,0,0,22,0.034,1.6,93.11,24,1010,N/A
2015,4,24,1,30,0,0,22,0.034,1.5,93.56,24,1010,N/A
2015,4,24,2,30,0,0,22,0.034,1.6,94,24,1010,N/A
2015,4,24,3,30,0,0,23,0.034,1.7000000000000002,100,24,1010,N/A
2015,4,24,4,30,0,0,23,0.034,1.8,100,23,1010,N/A
2015,4,24,5,30,0,0,23,0.034,1.8,100,23,1010,N/A
2015,4,24,6,30,0,0,23,0.034,1.9000000000000001,100,23,1010,N/A
2015,4,24,7,30,0,0,23,0.034,1.9000000000000001,100,23,1010,N/A
2015,4,24,8,30,0,0,23,0.034,1.9000000000000001,100,23,1010,N/A
2015,4,24,9,30,0,0,23,0.034,1.9000000000000001,100,23,1010,N/A
2015,4,24,10,30,0,0,22,0.034,1.9000000000000001,99.88,23,1010,N/A
2015,4,24,11,30,39,99,23,0.034,2.2,100,23,1010,N/A
2015,4,24,12,30,127,49,23,0.034,2.6,96.55,24,1010,N/A
2015,4,24,13,30,225,62,23,0.034,2.6,88.95,25,1010,N/A
2015,4,24,14,30,220,589,22,0.034,2.5,80.63,26,1010,N/A
2015,4,24,15,30,403,301,22,0.034,2.4000000000000004,74.59,27,1010,N/A
2015,4,24,16,30,278,640,22,0.034,2.3000000000000003,69.94,28,1010,N/A
2015,4,24,17,30,470,317,21,0.034,2.3000000000000003,69.62,28,1010,N/A
2015,4,24,18,30,413,395,21,0.034,2.3000000000000003,65.28,29,1010,N/A
2015,4,24,19,30,225,669,21,0.034,2.2,64.62,29,1010,N/A
2015,4,24,20,30,195,629,21,0.034,2,67.58,28,1010,N/A
2015,4,24,21,30,137,606,21,0.034,1.8,66.73,28,1010,N/A
2015,4,24,22,30,118,255,21,0.034,1.3,70.23,27,1010,N/A
2015,4,24,23,30,36,132,21,0.034,1,76.18,26,1010,N/A
2015,4,25,0,30,0,0,21,0.034,0.8,76.38,26,1010,N/A
2015,4,25,1,30,0,0,21,0.034,0.9,81.51,25,1010,N/A
2015,4,25,2,30,0,0,21,0.034,1.7000000000000002,80.4,25,1010,N/A
2015,4,25,3,30,0,0,21,0.034,2.5,84.35000000000001,24,1010,N/A
2015,4,25,4,30,0,0,21,0.034,2.9000000000000004,84.4,24,1010,N/A
2015,4,25,5,30,0,0,21,0.034,2.7,90.3,23,1010,N/A
2015,4,25,6,30,0,0,21,0.034,2.6,91.22,23,1010,N/A
2015,4,25,7,30,0,0,21,0.034,2.7,92.62,23,1010,N/A
2015,4,25,8,30,0,0,22,0.034,2.7,94.28,23,1010,N/A
2015,4,25,9,30,0,0,22,0.034,2.6,95.83,23,1010,N/A
2015,4,25,10,30,0,0,22,0.034,2.7,97.17,23,1010,N/A
2015,4,25,11,30,41,130,22,0.034,3,98.71000000000001,24,1010,N/A
2015,4,25,12,30,113,403,23,0.034,3.1,89.51,25,1010,N/A
2015,4,25,13,30,159,557,23,0.034,2.8000000000000003,84.60000000000001,26,1010,N/A
2015,4,25,14,30,189,645,22,0.034,2.8000000000000003,78.38,27,1010,N/A
2015,4,25,15,30,423,208,22,0.034,3.3000000000000003,73.31,28,1010,N/A
2015,4,25,16,30,465,277,22,0.034,3.9000000000000004,68.99,29,1010,N/A
2015,4,25,17,30,228,728,22,0.034,4.3,68.44,29,1010,N/A
2015,4,25,18,30,417,388,22,0.034,4.5,67.21000000000001,29,1010,N/A
2015,4,25,19,30,384,356,21,0.034,4.4,69.86,28,1010,N/A
2015,4,25,20,30,178,667,21,0.034,4.1000000000000005,73.83,27,1010,N/A
2015,4,25,21,30,230,211,22,0.034,3.7,74.63,27,1010,N/A
2015,4,25,22,30,106,426,22,0.034,3.2,80.37,26,1010,N/A
2015,4,25,23,30,37,125,22,0.034,2.7,87.87,25,1010,N/A
2015,4,26,0,30,0,0,23,0.034,2.6,90.39,25,1010,N/A
2015,4,26,1,30,0,0,23,0.034,2.8000000000000003,97.68,24,1010,N/A
2015,4,26,2,30,0,0,23,0.034,3.3000000000000003,98.34,24,1010,N/A
2015,4,26,3,30,0,0,23,0.034,3.8000000000000003,98.39,24,1010,N/A
2015,4,26,4,30,0,0,23,0.034,4.2,98.45,24,1010,N/A
2015,4,26,5,30,0,0,23,0.034,4.3,98.66,24,1000,N/A
2015,4,26,6,30,0,0,23,0.034,4.1000000000000005,98.9,24,1000,N/A
2015,4,26,7,30,0,0,23,0.034,3.8000000000000003,99.37,24,1000,N/A
2015,4,26,8,30,0,0,24,0.034,3.5,100,24,1000,N/A
2015,4,26,9,30,0,0,24,0.034,3.2,100,24,1000,N/A
2015,4,26,10,30,0,0,24,0.034,3.1,100,24,1000,N/A
2015,4,26,11,30,42,112,24,0.034,3.6,98.60000000000001,25,1000,N/A
2015,4,26,12,30,119,378,25,0.034,4.5,94.34,26,1010,N/A
2015,4,26,13,30,165,539,24,0.034,5.300000000000001,86.2,27,1010,N/A
2015,4,26,14,30,317,60,24,0.034,5.7,79.13,28,1010,N/A
2015,4,26,15,30,368,42,24,0.034,5.9,79.06,28,1010,N/A
2015,4,26,16,30,443,63,24,0.034,6,74.84,29,1010,N/A
2015,4,26,17,30,466,70,24,0.034,5.9,75.04,29,1000,N/A
2015,4,26,18,30,415,45,24,0.034,5.800000000000001,79.43,28,1000,N/A
2015,4,26,19,30,420,210,24,0.034,5.6000000000000005,79.42,28,1000,N/A
2015,4,26,20,30,200,621,24,0.034,5.300000000000001,85.38,27,1000,N/A
2015,4,26,21,30,173,510,24,0.034,4.800000000000001,86.34,27,1000,N/A
2015,4,26,22,30,126,324,24,0.034,4.3,93.08,26,1000,N/A
2015,4,26,23,30,21,0,25,0.034,3.9000000000000004,94.62,26,1000,N/A
2015,4,27,0,30,0,0,25,0.034,3.8000000000000003,95.66,26,1000,N/A
2015,4,27,1,30,0,0,25,0.034,3.7,100,25,1000,N/A
2015,4,27,2,30,0,0,25,0.034,3.4000000000000004,100,25,1000,N/A
2015,4,27,3,30,0,0,25,0.034,3.3000000000000003,100,25,1000,N/A
2015,4,27,4,30,0,0,24,0.034,3.3000000000000003,99.66,25,1000,N/A
2015,4,27,5,30,0,0,24,0.034,3.2,99.28,25,1000,N/A
2015,4,27,6,30,0,0,24,0.034,3,98.86,25,1000,N/A
2015,4,27,7,30,0,0,24,0.034,3,98.41,25,1000,N/A
2015,4,27,8,30,0,0,24,0.034,3.2,97.82000000000001,25,1000,N/A
2015,4,27,9,30,0,0,24,0.034,3.1,97.18,25,1000,N/A
2015,4,27,10,30,0,0,24,0.034,2.9000000000000004,94.38,25,1000,N/A
2015,4,27,11,30,25,0,23,0.034,2.8000000000000003,92.41,25,1000,N/A
2015,4,27,12,30,125,26,23,0.034,2.8000000000000003,92.77,25,1010,N/A
2015,4,27,13,30,130,0,23,0.034,3,85.60000000000001,26,1010,N/A
2015,4,27,14,30,344,152,22,0.034,3.4000000000000004,81.68,26,1010,N/A
2015,4,27,15,30,393,61,22,0.034,3.7,74.99,27,1010,N/A
2015,4,27,16,30,455,317,21,0.034,3.7,73.84,27,1010,N/A
2015,4,27,17,30,216,749,21,0.034,3.4000000000000004,68.64,28,1010,N/A
2015,4,27,18,30,468,261,21,0.034,2.9000000000000004,67.53,28,1010,N/A
2015,4,27,19,30,397,318,21,0.034,2.4000000000000004,66.26,28,1000,N/A
2015,4,27,20,30,337,186,20,0.034,1.8,65.17,28,1000,N/A
2015,4,27,21,30,155,0,20,0.034,1.1,67.5,27,1000,N/A
2015,4,27,22,30,94,0,20,0.034,0.8,70.94,26,1000,N/A
2015,4,27,23,30,23,0,20,0.034,1.2000000000000002,77.32000000000001,25,1000,N/A
2015,4,28,0,30,0,0,20,0.034,2,75.89,25,1010,N/A
2015,4,28,1,30,0,0,20,0.034,2.8000000000000003,80.62,24,1010,N/A
2015,4,28,2,30,0,0,20,0.034,3.2,81.29,24,1010,N/A
2015,4,28,3,30,0,0,20,0.034,3.1,87.28,23,1010,N/A
2015,4,28,4,30,0,0,20,0.034,2.8000000000000003,87.84,23,1010,N/A
2015,4,28,5,30,0,0,20,0.034,2.4000000000000004,88.03,23,1000,N/A
2015,4,28,6,30,0,0,20,0.034,2.2,93.49,22,1000,N/A
2015,4,28,7,30,0,0,20,0.034,1.9000000000000001,93.46000000000001,22,1000,N/A
2015,4,28,8,30,0,0,20,0.034,1.8,93.55,22,1000,N/A
2015,4,28,9,30,0,0,21,0.034,1.9000000000000001,94.36,22,1000,N/A
2015,4,28,10,30,0,0,21,0.034,1.9000000000000001,95.33,22,1010,N/A
2015,4,28,11,30,4,0,21,0.034,1.9000000000000001,96.39,22,1010,N/A
2015,4,28,12,30,11,0,21,0.034,2,97.94,22,1010,N/A
2015,4,28,13,30,26,0,21,0.034,2,94.05,23,1010,N/A
2015,4,28,14,30,88,0,22,0.034,2,95.86,23,1000,N/A
2015,4,28,15,30,108,0,22,0.034,2.6,97.05,23,1000,N/A
2015,4,28,16,30,239,11,22,0.034,3.2,92.83,24,1000,N/A
2015,4,28,17,30,500,143,23,0.034,2.7,88.86,25,1000,N/A
2015,4,28,18,30,412,402,23,0.034,1.6,89.52,25,1000,N/A
2015,4,28,19,30,211,696,23,0.034,1.3,89,25,1000,N/A
2015,4,28,20,30,337,181,22,0.034,1.7000000000000002,88.54,25,1000,N/A
2015,4,28,21,30,78,0,23,0.034,1.7000000000000002,88.84,25,1000,N/A
2015,4,28,22,30,129,160,22,0.034,1.3,94.01,24,1000,N/A
2015,4,28,23,30,26,0,22,0.034,1,94.06,24,1000,N/A
2015,4,29,0,30,0,0,22,0.034,1,91.52,24,1000,N/A
2015,4,29,1,30,0,0,22,0.034,1.1,91.10000000000001,24,1000,N/A
2015,4,29,2,30,0,0,22,0.034,1.1,96.67,24,1000,N/A
2015,4,29,3,30,0,0,22,0.034,1.1,96.33,23,1000,N/A
2015,4,29,4,30,0,0,22,0.034,1.4000000000000001,96.61,23,1000,N/A
2015,4,29,5,30,0,0,22,0.034,1.5,96.98,23,1000,N/A
2015,4,29,6,30,0,0,22,0.034,1.5,97.53,23,1000,N/A
2015,4,29,7,30,0,0,22,0.034,1.6,100,23,1000,N/A
2015,4,29,8,30,0,0,22,0.034,1.8,100,22,1000,N/A
2015,4,29,9,30,0,0,22,0.034,1.8,100,22,1000,N/A
2015,4,29,10,30,0,0,22,0.034,1.8,100,22,1000,N/A
2015,4,29,11,30,28,0,22,0.034,2,99.05,23,1000,N/A
2015,4,29,12,30,137,170,23,0.034,2.3000000000000003,100,23,1000,N/A
2015,4,29,13,30,157,579,23,0.034,2.7,95.86,24,1000,N/A
2015,4,29,14,30,280,443,23,0.034,3,94.22,25,1000,N/A
2015,4,29,15,30,417,267,22,0.034,3.3000000000000003,87.25,25,1000,N/A
2015,4,29,16,30,471,268,22,0.034,3.7,80.89,26,1000,N/A
2015,4,29,17,30,470,332,22,0.034,4,74.23,27,1000,N/A
2015,4,29,18,30,140,860,21,0.034,4.1000000000000005,72.61,27,1000,N/A
2015,4,29,19,30,132,842,21,0.034,4.4,71.14,27,1000,N/A
2015,4,29,20,30,119,802,21,0.034,4.6000000000000005,74.55,27,1000,N/A
2015,4,29,21,30,104,721,21,0.034,4.6000000000000005,74.17,26,1000,N/A
2015,4,29,22,30,82,562,21,0.034,4.4,78.78,25,1000,N/A
2015,4,29,23,30,38,224,21,0.034,4,84.58,24,1000,N/A
2015,4,30,0,30,0,0,21,0.034,3.8000000000000003,90.59,23,1000,N/A
2015,4,30,1,30,0,0,21,0.034,3.7,90.07000000000001,23,1000,N/A
2015,4,30,2,30,0,0,20,0.034,3.6,93.68,23,1000,N/A
2015,4,30,3,30,0,0,20,0.034,3.6,91.35000000000001,22,1000,N/A
2015,4,30,4,30,0,0,20,0.034,3.7,88.98,22,1000,N/A
2015,4,30,5,30,0,0,19,0.034,3.9000000000000004,86.79,22,1000,N/A
2015,4,30,6,30,0,0,19,0.034,4.1000000000000005,84.67,22,1000,N/A
2015,4,30,7,30,0,0,18,0.034,4.3,82.55,22,1000,N/A
2015,4,30,8,30,0,0,18,0.034,4.4,85.69,22,1000,N/A
2015,4,30,9,30,0,0,18,0.034,4.4,84.19,22,1000,N/A
2015,4,30,10,30,0,0,18,0.034,4.3,83.68,22,1000,N/A
2015,4,30,11,30,11,0,18,0.034,4.5,83.94,22,1000,N/A
2015,4,30,12,30,111,398,18,0.034,4.800000000000001,78.77,22,1000,N/A
2015,4,30,13,30,228,302,17,0.034,5,77.73,22,1010,N/A
2015,4,30,14,30,219,606,17,0.034,5.1000000000000005,76.77,22,1010,N/A
2015,4,30,15,30,405,316,17,0.034,5.1000000000000005,74.91,22,1010,N/A
2015,4,30,16,30,410,414,16,0.034,5.1000000000000005,68.02,23,1010,N/A
2015,4,30,17,30,423,455,16,0.034,5,65.29,23,1010,N/A
2015,4,30,18,30,395,482,15,0.034,5.1000000000000005,62.79,23,1010,N/A
2015,4,30,19,30,106,918,15,0.034,5.300000000000001,60.92,23,1010,N/A
2015,4,30,20,30,101,875,14,0.034,5.300000000000001,59.75,23,1010,N/A
2015,4,30,21,30,229,245,14,0.034,5.1000000000000005,63.04,22,1010,N/A
2015,4,30,22,30,129,65,14,0.034,4.5,63.21,22,1010,N/A
2015,4,30,23,30,36,313,14,0.034,3.7,67.85,21,1010,N/A
2015,5,1,0,30,0,0,14,0.032,3.2,68.33,21,1010,N/A
2015,5,1,1,30,0,0,15,0.032,3,73.13,20,1010,N/A
2015,5,1,2,30,0,0,15,0.032,2.9000000000000004,73.27,20,1010,N/A
2015,5,1,3,30,0,0,15,0.032,2.7,73.31,20,1010,N/A
2015,5,1,4,30,0,0,15,0.032,2.6,73.45,20,1010,N/A
2015,5,1,5,30,0,0,15,0.032,2.5,77.97,20,1010,N/A
2015,5,1,6,30,0,0,14,0.032,2.5,77.60000000000001,19,1010,N/A
2015,5,1,7,30,0,0,14,0.032,2.4000000000000004,77.14,19,1010,N/A
2015,5,1,8,30,0,0,14,0.032,2.4000000000000004,76.63,19,1010,N/A
2015,5,1,9,30,0,0,14,0.032,2.3000000000000003,76.28,19,1010,N/A
2015,5,1,10,30,0,0,14,0.032,2.2,76.14,19,1010,N/A
2015,5,1,11,30,46,281,15,0.032,2.5,69.83,21,1010,N/A
2015,5,1,12,30,139,78,15,0.032,3.1,61.39,23,1010,N/A
2015,5,1,13,30,112,749,14,0.032,3.5,55.370000000000005,24,1010,N/A
2015,5,1,14,30,123,837,14,0.032,3.7,55.08,24,1010,N/A
2015,5,1,15,30,426,118,14,0.032,4,51.63,25,1010,N/A
2015,5,1,16,30,454,72,14,0.032,4.3,48.06,26,1010,N/A
2015,5,1,17,30,130,921,13,0.032,4.5,47.480000000000004,26,1010,N/A
2015,5,1,18,30,125,916,13,0.032,4.6000000000000005,47.300000000000004,26,1010,N/A
2015,5,1,19,30,122,888,13,0.032,4.800000000000001,47.5,26,1010,N/A
2015,5,1,20,30,115,837,14,0.032,4.9,50.84,25,1010,N/A
2015,5,1,21,30,101,758,14,0.032,4.800000000000001,54.52,25,1010,N/A
2015,5,1,22,30,79,608,14,0.032,4.4,58.54,24,1010,N/A
2015,5,1,23,30,38,283,14,0.032,3.7,63.36,22,1010,N/A
2015,5,2,0,30,0,0,14,0.032,3.2,67.7,22,1010,N/A
2015,5,2,1,30,0,0,14,0.032,3,68.27,21,1010,N/A
2015,5,2,2,30,0,0,14,0.032,3.1,67.68,21,1010,N/A
2015,5,2,3,30,0,0,14,0.032,3.3000000000000003,69.83,20,1010,N/A
2015,5,2,4,30,0,0,13,0.032,3.6,71.15,20,1010,N/A
2015,5,2,5,30,0,0,13,0.032,3.8000000000000003,68.88,19,1010,N/A
2015,5,2,6,30,0,0,13,0.032,3.8000000000000003,73.57000000000001,18,1010,N/A
2015,5,2,7,30,0,0,13,0.032,3.7,76,18,1010,N/A
2015,5,2,8,30,0,0,14,0.032,3.5,83.36,17,1010,N/A
2015,5,2,9,30,0,0,14,0.032,3.2,84.26,17,1010,N/A
2015,5,2,10,30,0,0,14,0.032,3.3000000000000003,83.63,17,1010,N/A
2015,5,2,11,30,40,372,14,0.032,3.6,78.24,18,1010,N/A
2015,5,2,12,30,74,679,14,0.032,3.8000000000000003,68.7,20,1010,N/A
2015,5,2,13,30,91,816,13,0.032,3.6,56.800000000000004,22,1010,N/A
2015,5,2,14,30,102,889,12,0.032,2.9000000000000004,50.69,23,1010,N/A
2015,5,2,15,30,110,928,11,0.032,2.3000000000000003,45.58,24,1010,N/A
2015,5,2,16,30,115,947,10,0.032,1.9000000000000001,41.21,25,1010,N/A
2015,5,2,17,30,117,950,10,0.032,1.7000000000000002,37.95,26,1010,N/A
2015,5,2,18,30,123,930,10,0.032,1.7000000000000002,38.13,26,1010,N/A
2015,5,2,19,30,120,901,11,0.032,1.7000000000000002,39.09,26,1010,N/A
2015,5,2,20,30,113,850,11,0.032,1.7000000000000002,40.35,26,1010,N/A
2015,5,2,21,30,102,763,12,0.032,1.7000000000000002,44.49,25,1010,N/A
2015,5,2,22,30,81,603,12,0.032,1.8,49.29,24,1010,N/A
2015,5,2,23,30,39,265,14,0.032,1.9000000000000001,58.620000000000005,23,1010,N/A
2015,5,3,0,30,0,0,14,0.032,2,63.370000000000005,22,1010,N/A
2015,5,3,1,30,0,0,15,0.032,2.1,70.68,21,1010,N/A
2015,5,3,2,30,0,0,16,0.032,2.3000000000000003,74.05,21,1010,N/A
2015,5,3,3,30,0,0,16,0.032,2.5,80.38,20,1010,N/A
2015,5,3,4,30,0,0,16,0.032,2.7,80.82000000000001,20,1010,N/A
2015,5,3,5,30,0,0,16,0.032,2.8000000000000003,85.78,19,1010,N/A
2015,5,3,6,30,0,0,16,0.032,2.8000000000000003,84.85000000000001,19,1010,N/A
2015,5,3,7,30,0,0,16,0.032,2.9000000000000004,83.54,19,1010,N/A
2015,5,3,8,30,0,0,15,0.032,2.9000000000000004,87.56,19,1010,N/A
2015,5,3,9,30,0,0,15,0.032,2.8000000000000003,86.84,18,1010,N/A
2015,5,3,10,30,0,0,15,0.032,3,86.44,18,1010,N/A
2015,5,3,11,30,43,339,15,0.032,3.6,76.7,20,1020,N/A
2015,5,3,12,30,76,653,15,0.032,4.1000000000000005,67.63,22,1020,N/A
2015,5,3,13,30,93,800,14,0.032,4.2,59.410000000000004,23,1020,N/A
2015,5,3,14,30,102,879,13,0.032,4.1000000000000005,52.58,25,1020,N/A
2015,5,3,15,30,109,923,12,0.032,3.8000000000000003,47.14,26,1020,N/A
2015,5,3,16,30,111,947,12,0.032,3.5,42.47,26,1020,N/A
2015,5,3,17,30,111,955,11,0.032,3.1,38.57,27,1020,N/A
2015,5,3,18,30,109,946,11,0.032,2.9000000000000004,35.5,28,1010,N/A
2015,5,3,19,30,105,921,11,0.032,2.7,35.09,28,1010,N/A
2015,5,3,20,30,99,875,11,0.032,2.6,36.18,28,1010,N/A
2015,5,3,21,30,91,786,12,0.032,2.6,41.980000000000004,27,1010,N/A
2015,5,3,22,30,74,630,14,0.032,2.7,48.410000000000004,26,1010,N/A
2015,5,3,23,30,38,294,14,0.032,3.3000000000000003,53.39,25,1010,N/A
2015,5,4,0,30,0,0,14,0.032,4.1000000000000005,58.29,23,1010,N/A
2015,5,4,1,30,0,0,14,0.032,4.6000000000000005,64.49,22,1020,N/A
2015,5,4,2,30,0,0,15,0.032,4.7,71.23,21,1020,N/A
2015,5,4,3,30,0,0,15,0.032,4.4,76.18,21,1020,N/A
2015,5,4,4,30,0,0,15,0.032,4,76.68,20,1020,N/A
2015,5,4,5,30,0,0,15,0.032,3.6,82.23,20,1020,N/A
2015,5,4,6,30,0,0,16,0.032,3.3000000000000003,82.92,19,1020,N/A
2015,5,4,7,30,0,0,16,0.032,3.1,83.57000000000001,19,1020,N/A
2015,5,4,8,30,0,0,16,0.032,2.8000000000000003,89.32000000000001,18,1020,N/A
2015,5,4,9,30,0,0,16,0.032,2.6,89.14,18,1020,N/A
2015,5,4,10,30,0,0,16,0.032,2.8000000000000003,88.89,18,1020,N/A
2015,5,4,11,30,47,152,16,0.032,3.3000000000000003,79.09,20,1020,N/A
2015,5,4,12,30,22,0,16,0.032,3.9000000000000004,69.78,22,1020,N/A
2015,5,4,13,30,168,534,15,0.032,4.5,62.47,24,1020,N/A
2015,5,4,14,30,350,163,15,0.032,4.800000000000001,55.120000000000005,25,1020,N/A
2015,5,4,15,30,363,416,15,0.032,4.9,52.65,26,1020,N/A
2015,5,4,16,30,402,439,15,0.032,5.1000000000000005,53.2,26,1020,N/A
2015,5,4,17,30,422,455,15,0.032,5.2,50.67,27,1020,N/A
2015,5,4,18,30,445,344,16,0.032,5.2,48.09,28,1020,N/A
2015,5,4,19,30,364,403,16,0.032,5.2,51.01,27,1020,N/A
2015,5,4,20,30,145,763,15,0.032,5.2,50.92,27,1020,N/A
2015,5,4,21,30,124,681,15,0.032,5.300000000000001,53.370000000000005,26,1020,N/A
2015,5,4,22,30,127,234,15,0.032,5.300000000000001,56.09,25,1020,N/A
2015,5,4,23,30,42,183,15,0.032,4.9,59.07,24,1020,N/A
2015,5,5,0,30,0,0,15,0.032,4.4,63.32,23,1020,N/A
2015,5,5,1,30,0,0,16,0.032,3.8000000000000003,69.12,22,1020,N/A
2015,5,5,2,30,0,0,16,0.032,3.5,75.8,21,1020,N/A
2015,5,5,3,30,0,0,16,0.032,3.6,77.83,21,1020,N/A
2015,5,5,4,30,0,0,17,0.032,3.9000000000000004,80.09,21,1020,N/A
2015,5,5,5,30,0,0,17,0.032,4.1000000000000005,87.51,21,1020,N/A
2015,5,5,6,30,0,0,18,0.032,4.1000000000000005,89.52,20,1020,N/A
2015,5,5,7,30,0,0,18,0.032,4,91.23,20,1020,N/A
2015,5,5,8,30,0,0,18,0.032,3.9000000000000004,92.93,20,1020,N/A
2015,5,5,9,30,0,0,19,0.032,3.8000000000000003,94.68,20,1020,N/A
2015,5,5,10,30,0,0,19,0.032,4,95.87,20,1020,N/A
2015,5,5,11,30,53,212,19,0.032,4.4,91.37,21,1020,N/A
2015,5,5,12,30,135,254,19,0.032,5,87.10000000000001,22,1020,N/A
2015,5,5,13,30,239,262,19,0.032,5.4,76.56,24,1020,N/A
2015,5,5,14,30,261,494,19,0.032,5.4,70.54,25,1020,N/A
2015,5,5,15,30,399,351,18,0.032,5.1000000000000005,65.11,26,1020,N/A
2015,5,5,16,30,433,370,18,0.032,4.9,60.660000000000004,27,1020,N/A
2015,5,5,17,30,423,460,18,0.032,4.800000000000001,60.65,27,1010,N/A
2015,5,5,18,30,431,367,18,0.032,4.800000000000001,60.81,27,1010,N/A
2015,5,5,19,30,338,463,18,0.032,4.800000000000001,60.6,27,1010,N/A
2015,5,5,20,30,127,781,18,0.032,4.800000000000001,63.77,26,1010,N/A
2015,5,5,21,30,232,239,18,0.032,4.7,62.97,26,1010,N/A
2015,5,5,22,30,135,119,18,0.032,4.5,65.92,25,1010,N/A
2015,5,5,23,30,33,0,18,0.032,4.2,69.31,24,1010,N/A
2015,5,6,0,30,0,0,18,0.032,3.7,73.47,23,1010,N/A
2015,5,6,1,30,0,0,18,0.032,3.3000000000000003,74.08,23,1010,N/A
2015,5,6,2,30,0,0,18,0.032,3.2,79.36,22,1010,N/A
2015,5,6,3,30,0,0,18,0.032,3.2,80.75,22,1010,N/A
2015,5,6,4,30,0,0,18,0.032,3.3000000000000003,87.84,22,1010,N/A
2015,5,6,5,30,0,0,19,0.032,3.3000000000000003,90.11,21,1010,N/A
2015,5,6,6,30,0,0,19,0.032,3.3000000000000003,92.16,21,1010,N/A
2015,5,6,7,30,0,0,19,0.032,3.2,93.76,21,1010,N/A
2015,5,6,8,30,0,0,20,0.032,2.9000000000000004,100,21,1010,N/A
2015,5,6,9,30,0,0,20,0.032,2.5,100,20,1010,N/A
2015,5,6,10,30,0,0,20,0.032,2.5,100,20,1010,N/A
2015,5,6,11,30,48,279,20,0.032,2.6,96.06,21,1010,N/A
2015,5,6,12,30,86,586,20,0.032,2.5,90.66,22,1010,N/A
2015,5,6,13,30,102,742,20,0.032,2,83.49,23,1010,N/A
2015,5,6,14,30,110,828,19,0.032,1.5,71.17,25,1010,N/A
2015,5,6,15,30,114,876,19,0.032,1.2000000000000002,65.41,26,1010,N/A
2015,5,6,16,30,117,900,18,0.032,1.3,60.46,27,1010,N/A
2015,5,6,17,30,119,905,18,0.032,1.7000000000000002,56.31,28,1010,N/A
2015,5,6,18,30,115,900,18,0.032,2.1,56.480000000000004,28,1010,N/A
2015,5,6,19,30,113,874,18,0.032,2.6,56.82,28,1010,N/A
2015,5,6,20,30,107,827,18,0.032,3,60.550000000000004,27,1010,N/A
2015,5,6,21,30,96,747,18,0.032,3.2,60.75,27,1010,N/A
2015,5,6,22,30,77,597,18,0.032,3.1,65.1,26,1010,N/A
2015,5,6,23,30,39,279,19,0.032,2.7,71.55,25,1010,N/A
2015,5,7,0,30,0,0,19,0.032,2.4000000000000004,78.10000000000001,24,1010,N/A
2015,5,7,1,30,0,0,20,0.032,2.3000000000000003,85.17,23,1010,N/A
2015,5,7,2,30,0,0,20,0.032,2.3000000000000003,86.9,23,1010,N/A
2015,5,7,3,30,0,0,20,0.032,2.2,92.96000000000001,22,1010,N/A
2015,5,7,4,30,0,0,20,0.032,2.2,92.53,22,1010,N/A
2015,5,7,5,30,0,0,20,0.032,2.2,97.71000000000001,22,1010,N/A
2015,5,7,6,30,0,0,20,0.032,2.2,97.11,21,1010,N/A
2015,5,7,7,30,0,0,20,0.032,2.2,96.55,21,1010,N/A
2015,5,7,8,30,0,0,20,0.032,2.2,100,20,1010,N/A
2015,5,7,9,30,0,0,20,0.032,2.1,100,20,1010,N/A
2015,5,7,10,30,0,0,20,0.032,2.3000000000000003,100,20,1010,N/A
2015,5,7,11,30,47,313,20,0.032,2.7,94.41,21,1010,N/A
2015,5,7,12,30,83,613,19,0.032,2.5,81.66,23,1010,N/A
2015,5,7,13,30,101,755,18,0.032,2.2,68.99,25,1010,N/A
2015,5,7,14,30,111,833,18,0.032,1.9000000000000001,62.38,26,1010,N/A
2015,5,7,15,30,110,890,17,0.032,1.9000000000000001,57.24,27,1010,N/A
2015,5,7,16,30,112,914,17,0.032,2.3000000000000003,52.77,28,1010,N/A
2015,5,7,17,30,445,375,17,0.032,2.9000000000000004,52.39,28,1010,N/A
2015,5,7,18,30,471,101,17,0.032,3.5,52.53,28,1010,N/A
2015,5,7,19,30,107,894,17,0.032,4,52.83,28,1010,N/A
2015,5,7,20,30,98,857,17,0.032,4.2,56.17,27,1010,N/A
2015,5,7,21,30,85,791,17,0.032,4.2,59.04,27,1010,N/A
2015,5,7,22,30,67,665,17,0.032,3.9000000000000004,62.06,26,1010,N/A
2015,5,7,23,30,35,372,17,0.032,3.2,66.21000000000001,24,1010,N/A
2015,5,8,0,30,0,0,17,0.032,2.7,71.51,23,1010,N/A
2015,5,8,1,30,0,0,17,0.032,2.4000000000000004,77.12,22,1010,N/A
2015,5,8,2,30,0,0,17,0.032,2.2,77.49,22,1010,N/A
2015,5,8,3,30,0,0,17,0.032,2.2,82.63,22,1010,N/A
2015,5,8,4,30,0,0,18,0.032,2.2,83.46000000000001,21,1010,N/A
2015,5,8,5,30,0,0,18,0.032,2.2,84.43,21,1010,N/A
2015,5,8,6,30,0,0,18,0.032,2.2,90.79,21,1010,N/A
2015,5,8,7,30,0,0,18,0.032,2.1,91.85000000000001,20,1010,N/A
2015,5,8,8,30,0,0,18,0.032,2,92.47,20,1010,N/A
2015,5,8,9,30,0,0,18,0.032,1.9000000000000001,98.60000000000001,19,1010,N/A
2015,5,8,10,30,0,0,18,0.032,1.8,98.33,19,1010,N/A
2015,5,8,11,30,44,374,18,0.032,2,87.15,21,1010,N/A
2015,5,8,12,30,77,659,18,0.032,2.1,76.11,23,1010,N/A
2015,5,8,13,30,94,793,17,0.032,2.1,62.24,25,1010,N/A
2015,5,8,14,30,105,864,16,0.032,2.3000000000000003,54.21,26,1010,N/A
2015,5,8,15,30,113,904,15,0.032,2.5,48.75,27,1010,N/A
2015,5,8,16,30,117,922,14,0.032,2.8000000000000003,45.09,28,1010,N/A
2015,5,8,17,30,119,924,15,0.032,3.2,42.7,29,1010,N/A
2015,5,8,18,30,116,915,15,0.032,3.8000000000000003,43.300000000000004,29,1010,N/A
2015,5,8,19,30,114,886,15,0.032,4.3,46.800000000000004,28,1010,N/A
2015,5,8,20,30,109,834,15,0.032,4.4,50.53,28,1010,N/A
2015,5,8,21,30,98,749,16,0.032,4.2,51.15,27,1010,N/A
2015,5,8,22,30,77,607,16,0.032,3.8000000000000003,54.89,26,1010,N/A
2015,5,8,23,30,39,304,16,0.032,3.1,63.52,25,1010,N/A
2015,5,9,0,30,0,0,17,0.041,2.6,69.76,23,1010,N/A
2015,5,9,1,30,0,0,17,0.041,2.3000000000000003,72.21000000000001,23,1010,N/A
2015,5,9,2,30,0,0,18,0.041,2,78.83,23,1010,N/A
2015,5,9,3,30,0,0,18,0.041,1.8,80.53,22,1010,N/A
2015,5,9,4,30,0,0,18,0.041,1.6,82.01,22,1010,N/A
2015,5,9,5,30,0,0,19,0.041,1.5,83.59,22,1010,N/A
2015,5,9,6,30,0,0,19,0.041,1.5,85.51,22,1010,N/A
2015,5,9,7,30,0,0,19,0.041,1.4000000000000001,87.68,22,1010,N/A
2015,5,9,8,30,0,0,20,0.041,1.4000000000000001,89.7,22,1010,N/A
2015,5,9,9,30,0,0,20,0.041,1.4000000000000001,97.08,22,1010,N/A
2015,5,9,10,30,0,0,20,0.041,1.3,98.35000000000001,22,1010,N/A
2015,5,9,11,30,47,312,21,0.041,1.5,88.92,23,1010,N/A
2015,5,9,12,30,86,590,20,0.041,1.6,77.73,25,1010,N/A
2015,5,9,13,30,107,729,19,0.041,1.4000000000000001,67.07000000000001,27,1010,N/A
2015,5,9,14,30,121,805,18,0.041,1.1,55.11,28,1010,N/A
2015,5,9,15,30,127,853,17,0.041,0.9,49.76,29,1010,N/A
2015,5,9,16,30,132,877,17,0.041,1,49.44,29,1010,N/A
2015,5,9,17,30,133,886,17,0.041,1.4000000000000001,47.27,30,1010,N/A
2015,5,9,18,30,162,831,17,0.041,2.2,46.77,30,1010,N/A
2015,5,9,19,30,158,800,17,0.041,2.9000000000000004,46.32,30,1010,N/A
2015,5,9,20,30,150,742,17,0.041,3.3000000000000003,49.19,29,1010,N/A
2015,5,9,21,30,136,642,17,0.041,3.4000000000000004,52.29,28,1010,N/A
2015,5,9,22,30,105,482,17,0.041,3.3000000000000003,56.160000000000004,27,1010,N/A
2015,5,9,23,30,48,184,18,0.041,3.2,62.31,26,1010,N/A
2015,5,10,0,30,0,0,19,0.041,3.1,74.27,24,1010,N/A
2015,5,10,1,30,0,0,20,0.041,2.8000000000000003,78.67,24,1010,N/A
2015,5,10,2,30,0,0,20,0.041,2.2,86.44,24,1010,N/A
2015,5,10,3,30,0,0,20,0.041,1.7000000000000002,86.87,23,1010,N/A
2015,5,10,4,30,0,0,20,0.041,1.3,85.79,23,1010,N/A
2015,5,10,5,30,0,0,20,0.041,1.1,84.72,23,1010,N/A
2015,5,10,6,30,0,0,20,0.041,1,84.01,23,1010,N/A
2015,5,10,7,30,0,0,20,0.041,1,88.99,22,1010,N/A
2015,5,10,8,30,0,0,20,0.041,1,89.26,22,1010,N/A
2015,5,10,9,30,0,0,20,0.041,0.9,90.48,22,1010,N/A
2015,5,10,10,30,0,0,20,0.041,0.8,92.33,22,1010,N/A
2015,5,10,11,30,53,266,21,0.041,0.8,89.28,23,1010,N/A
2015,5,10,12,30,98,550,20,0.041,0.8,77.79,25,1020,N/A
2015,5,10,13,30,123,695,18,0.041,1.1,61.1,27,1020,N/A
2015,5,10,14,30,140,775,17,0.041,1.4000000000000001,54.42,28,1020,N/A
2015,5,10,15,30,141,836,17,0.041,1.5,50.43,29,1010,N/A
2015,5,10,16,30,148,856,17,0.041,1.6,48.5,30,1010,N/A
2015,5,10,17,30,151,860,18,0.041,2,46.980000000000004,31,1010,N/A
2015,5,10,18,30,149,850,18,0.041,2.4000000000000004,47.11,31,1010,N/A
2015,5,10,19,30,145,821,18,0.041,2.7,49.69,30,1010,N/A
2015,5,10,20,30,136,768,18,0.041,2.9000000000000004,49.59,30,1010,N/A
2015,5,10,21,30,120,682,18,0.041,2.8000000000000003,52.25,29,1010,N/A
2015,5,10,22,30,95,526,18,0.041,2.4000000000000004,54.9,28,1010,N/A
2015,5,10,23,30,47,215,18,0.041,1.8,60.43,27,1010,N/A
2015,5,11,0,30,0,0,19,0.041,1.5,69.4,25,1010,N/A
2015,5,11,1,30,0,0,19,0.041,1.4000000000000001,71.36,25,1010,N/A
2015,5,11,2,30,0,0,19,0.041,1.2000000000000002,73.28,25,1020,N/A
2015,5,11,3,30,0,0,20,0.041,1.1,78.81,24,1020,N/A
2015,5,11,4,30,0,0,20,0.041,1,79.28,24,1010,N/A
2015,5,11,5,30,0,0,20,0.041,0.9,80.15,24,1010,N/A
2015,5,11,6,30,0,0,20,0.041,0.8,86.25,24,1010,N/A
2015,5,11,7,30,0,0,20,0.041,0.8,87.52,23,1010,N/A
2015,5,11,8,30,0,0,21,0.041,0.8,88.68,23,1010,N/A
2015,5,11,9,30,0,0,21,0.041,1,89.56,23,1010,N/A
2015,5,11,10,30,0,0,21,0.041,1.2000000000000002,90.51,23,1020,N/A
2015,5,11,11,30,58,205,21,0.041,1.5,87.56,24,1020,N/A
2015,5,11,12,30,108,502,21,0.041,1.7000000000000002,78.13,26,1020,N/A
2015,5,11,13,30,132,664,21,0.041,1.8,70.8,27,1020,N/A
2015,5,11,14,30,144,758,20,0.041,1.8,64.76,28,1020,N/A
2015,5,11,15,30,157,800,20,0.041,1.7000000000000002,61.870000000000005,29,1020,N/A
2015,5,11,16,30,160,827,21,0.041,1.6,59.39,30,1020,N/A
2015,5,11,17,30,159,836,20,0.041,1.5,54.38,31,1010,N/A
2015,5,11,18,30,171,806,20,0.041,1.3,49.85,32,1010,N/A
2015,5,11,19,30,170,767,20,0.041,1,52.7,31,1010,N/A
2015,5,11,20,30,327,290,20,0.041,0.8,53.76,31,1010,N/A
2015,5,11,21,30,224,308,20,0.041,0.5,57.96,30,1010,N/A
2015,5,11,22,30,121,401,21,0.041,0.30000000000000004,62.72,29,1010,N/A
2015,5,11,23,30,52,121,21,0.041,0.6000000000000001,68.14,28,1010,N/A
2015,5,12,0,30,0,0,21,0.041,0.9,73.36,27,1020,N/A
2015,5,12,1,30,0,0,22,0.041,1,80.23,26,1020,N/A
2015,5,12,2,30,0,0,22,0.041,1.1,87.41,25,1020,N/A
2015,5,12,3,30,0,0,22,0.041,1.2000000000000002,88.3,25,1020,N/A
2015,5,12,4,30,0,0,22,0.041,1.4000000000000001,88.35000000000001,25,1020,N/A
2015,5,12,5,30,0,0,22,0.041,1.6,94.13,24,1020,N/A
2015,5,12,6,30,0,0,23,0.041,1.9000000000000001,94.87,24,1020,N/A
2015,5,12,7,30,0,0,23,0.041,2.1,95.77,24,1020,N/A
2015,5,12,8,30,0,0,23,0.041,2.2,100,23,1020,N/A
2015,5,12,9,30,0,0,23,0.041,2,100,23,1020,N/A
2015,5,12,10,30,0,0,23,0.041,2,100,23,1020,N/A
2015,5,12,11,30,49,318,23,0.041,2.3000000000000003,96.93,24,1020,N/A
2015,5,12,12,30,82,607,23,0.041,2.3000000000000003,85.31,26,1020,N/A
2015,5,12,13,30,98,748,22,0.041,2.1,75.26,27,1020,N/A
2015,5,12,14,30,110,820,21,0.041,1.9000000000000001,67.06,28,1020,N/A
2015,5,12,15,30,141,822,21,0.041,1.7000000000000002,62.36,29,1020,N/A
2015,5,12,16,30,149,839,21,0.041,1.6,60.42,30,1020,N/A
2015,5,12,17,30,437,392,21,0.041,1.5,60.81,31,1020,N/A
2015,5,12,18,30,170,803,21,0.041,1.5,56.96,31,1020,N/A
2015,5,12,19,30,170,762,21,0.041,1.4000000000000001,56.910000000000004,31,1010,N/A
2015,5,12,20,30,341,214,21,0.041,1.4000000000000001,60.83,30,1010,N/A
2015,5,12,21,30,104,0,21,0.041,1.2000000000000002,65.07000000000001,29,1010,N/A
2015,5,12,22,30,53,0,22,0.041,1.1,70.55,28,1010,N/A
2015,5,12,23,30,15,0,22,0.041,1,75.76,27,1020,N/A
2015,5,13,0,30,0,0,22,0.041,1,81.44,26,1020,N/A
2015,5,13,1,30,0,0,22,0.041,1,88.09,25,1020,N/A
2015,5,13,2,30,0,0,23,0.041,1,89.21000000000001,25,1020,N/A
2015,5,13,3,30,0,0,23,0.041,1.1,94.72,25,1020,N/A
2015,5,13,4,30,0,0,23,0.041,1.2000000000000002,94.36,24,1020,N/A
2015,5,13,5,30,0,0,23,0.041,1.4000000000000001,94.16,24,1020,N/A
2015,5,13,6,30,0,0,23,0.041,1.6,94.17,24,1010,N/A
2015,5,13,7,30,0,0,23,0.041,1.8,100,23,1010,N/A
2015,5,13,8,30,0,0,23,0.041,1.8,100,23,1010,N/A
2015,5,13,9,30,0,0,23,0.041,1.6,100,23,1010,N/A
2015,5,13,10,30,0,0,22,0.041,1.6,99.62,23,1020,N/A
2015,5,13,11,30,52,291,23,0.041,1.7000000000000002,95.75,24,1020,N/A
2015,5,13,12,30,88,576,23,0.041,1.7000000000000002,90.69,25,1020,N/A
2015,5,13,13,30,107,720,22,0.041,1.6,77.49,27,1020,N/A
2015,5,13,14,30,118,798,21,0.041,1.4000000000000001,69.83,28,1020,N/A
2015,5,13,15,30,127,840,21,0.041,1.4000000000000001,64.24,29,1020,N/A
2015,5,13,16,30,458,325,21,0.041,1.3,59.97,30,1020,N/A
2015,5,13,17,30,450,368,21,0.041,1.3,60.480000000000004,30,1020,N/A
2015,5,13,18,30,412,407,21,0.041,1.4000000000000001,60.18,30,1010,N/A
2015,5,13,19,30,336,479,21,0.041,1.5,59.65,30,1010,N/A
2015,5,13,20,30,311,354,21,0.041,1.6,59.08,30,1010,N/A
2015,5,13,21,30,176,503,21,0.041,1.8,62.58,29,1010,N/A
2015,5,13,22,30,128,285,21,0.041,1.8,67.36,28,1010,N/A
2015,5,13,23,30,50,68,21,0.041,1.7000000000000002,73.63,27,1010,N/A
2015,5,14,0,30,0,0,22,0.041,1.8,74.54,27,1010,N/A
2015,5,14,1,30,0,0,22,0.041,2,80.31,26,1010,N/A
2015,5,14,2,30,0,0,22,0.041,2.3000000000000003,82.09,26,1020,N/A
2015,5,14,3,30,0,0,23,0.041,2.5,88.69,25,1020,N/A
2015,5,14,4,30,0,0,23,0.041,2.7,89.67,25,1020,N/A
2015,5,14,5,30,0,0,23,0.041,2.7,96.19,24,1010,N/A
2015,5,14,6,30,0,0,23,0.041,2.5,96.9,24,1010,N/A
2015,5,14,7,30,0,0,23,0.041,2.3000000000000003,100,23,1010,N/A
2015,5,14,8,30,0,0,23,0.041,2.1,100,23,1020,N/A
2015,5,14,9,30,0,0,23,0.041,1.9000000000000001,100,23,1020,N/A
2015,5,14,10,30,0,0,23,0.041,2,100,23,1020,N/A
2015,5,14,11,30,53,289,23,0.041,2.5,96.44,24,1020,N/A
2015,5,14,12,30,92,571,23,0.041,2.7,91.3,25,1020,N/A
2015,5,14,13,30,110,718,22,0.041,2.8000000000000003,83.12,27,1020,N/A
2015,5,14,14,30,121,799,22,0.041,2.8000000000000003,70.3,28,1020,N/A
2015,5,14,15,30,115,863,21,0.041,2.6,64.06,29,1020,N/A
2015,5,14,16,30,121,881,21,0.041,2.2,60,30,1020,N/A
2015,5,14,17,30,125,881,21,0.041,1.9000000000000001,57.83,31,1020,N/A
2015,5,14,18,30,137,851,21,0.041,1.8,55.83,31,1010,N/A
2015,5,14,19,30,139,813,20,0.041,1.8,54.160000000000004,31,1010,N/A
2015,5,14,20,30,315,343,20,0.041,1.9000000000000001,58.07,30,1010,N/A
2015,5,14,21,30,133,0,21,0.041,2.1,59.7,30,1010,N/A
2015,5,14,22,30,4,0,21,0.041,2.4000000000000004,65.01,29,1010,N/A
2015,5,14,23,30,50,63,22,0.041,2.7,70.86,28,1010,N/A
2015,5,15,0,30,0,0,22,0.041,3.4000000000000004,75.15,27,1010,N/A
2015,5,15,1,30,0,0,21,0.041,4.1000000000000005,78.61,26,1020,N/A
2015,5,15,2,30,0,0,21,0.041,4.3,83.06,25,1020,N/A
2015,5,15,3,30,0,0,22,0.041,4.1000000000000005,83.53,25,1020,N/A
2015,5,15,4,30,0,0,22,0.041,3.9000000000000004,89.55,25,1020,N/A
2015,5,15,5,30,0,0,22,0.041,3.6,90.72,24,1020,N/A
2015,5,15,6,30,0,0,22,0.041,3.3000000000000003,91.91,24,1020,N/A
2015,5,15,7,30,0,0,22,0.041,3,98.57000000000001,23,1020,N/A
2015,5,15,8,30,0,0,22,0.041,2.7,99.29,23,1020,N/A
2015,5,15,9,30,0,0,22,0.041,2.6,99.42,23,1020,N/A
2015,5,15,10,30,0,0,22,0.041,2.8000000000000003,99.15,23,1020,N/A
2015,5,15,11,30,57,161,23,0.041,3.2,100,23,1020,N/A
2015,5,15,12,30,145,237,23,0.041,3.5,95.60000000000001,25,1020,N/A
2015,5,15,13,30,246,258,22,0.041,3.6,82.84,26,1020,N/A
2015,5,15,14,30,251,533,22,0.041,3.3000000000000003,74.60000000000001,27,1020,N/A
2015,5,15,15,30,402,343,21,0.041,3.1,67.06,28,1020,N/A
2015,5,15,16,30,128,871,20,0.041,2.9000000000000004,60.730000000000004,29,1020,N/A
2015,5,15,17,30,438,389,20,0.041,2.7,56.54,30,1020,N/A
2015,5,15,18,30,402,447,20,0.041,2.6,57.160000000000004,30,1010,N/A
2015,5,15,19,30,407,304,20,0.041,2.6,56.550000000000004,30,1010,N/A
2015,5,15,20,30,145,733,20,0.041,2.9000000000000004,61.04,29,1010,N/A
2015,5,15,21,30,246,149,21,0.041,3.5,62.82,29,1010,N/A
2015,5,15,22,30,132,32,21,0.041,4.1000000000000005,68.49,28,1010,N/A
2015,5,15,23,30,35,0,22,0.041,4.6000000000000005,79.04,27,1010,N/A
2015,5,16,0,30,0,0,22,0.041,4.9,80.39,26,1020,N/A
2015,5,16,1,30,0,0,22,0.041,5.1000000000000005,85.95,25,1020,N/A
2015,5,16,2,30,0,0,22,0.041,5,91.62,24,1020,N/A
2015,5,16,3,30,0,0,22,0.041,4.800000000000001,91.21000000000001,24,1020,N/A
2015,5,16,4,30,0,0,22,0.041,4.5,90.61,24,1020,N/A
2015,5,16,5,30,0,0,22,0.041,4.2,96.01,23,1020,N/A
2015,5,16,6,30,0,0,22,0.041,3.8000000000000003,95.88,23,1020,N/A
2015,5,16,7,30,0,0,22,0.041,3.6,95.38,23,1020,N/A
2015,5,16,8,30,0,0,22,0.041,3.4000000000000004,100,23,1020,N/A
2015,5,16,9,30,0,0,21,0.041,3.4000000000000004,99.72,22,1020,N/A
2015,5,16,10,30,0,0,21,0.041,3.5,98.88,22,1020,N/A
2015,5,16,11,30,52,319,21,0.041,3.9000000000000004,93.09,23,1020,N/A
2015,5,16,12,30,87,591,21,0.041,4,82.93,25,1020,N/A
2015,5,16,13,30,105,728,21,0.041,3.8000000000000003,77.42,26,1020,N/A
2015,5,16,14,30,113,810,21,0.041,3.3000000000000003,67.67,28,1020,N/A
2015,5,16,15,30,114,861,21,0.041,3,62.35,29,1020,N/A
2015,5,16,16,30,118,881,20,0.041,2.7,57.24,30,1020,N/A
2015,5,16,17,30,449,370,20,0.041,2.4000000000000004,56.64,30,1020,N/A
2015,5,16,18,30,403,445,20,0.041,2.1,55.13,31,1010,N/A
2015,5,16,19,30,393,350,20,0.041,2,53.81,31,1010,N/A
2015,5,16,20,30,343,213,20,0.041,2,52.36,31,1010,N/A
2015,5,16,21,30,243,208,20,0.041,2.2,55.730000000000004,30,1010,N/A
2015,5,16,22,30,90,539,20,0.041,2.3000000000000003,60.42,29,1010,N/A
2015,5,16,23,30,47,254,21,0.041,2.5,66.2,28,1010,N/A
2015,5,17,0,30,0,0,21,0.04,3.1,73.10000000000001,27,1020,N/A
2015,5,17,1,30,0,0,21,0.04,3.9000000000000004,77.98,26,1020,N/A
2015,5,17,2,30,0,0,22,0.04,4.3,84.55,25,1020,N/A
2015,5,17,3,30,0,0,22,0.04,4.1000000000000005,86.35000000000001,25,1020,N/A
2015,5,17,4,30,0,0,22,0.04,3.9000000000000004,92.55,24,1020,N/A
2015,5,17,5,30,0,0,22,0.04,3.7,93.10000000000001,24,1020,N/A
2015,5,17,6,30,0,0,22,0.04,3.5,93.59,24,1020,N/A
2015,5,17,7,30,0,0,22,0.04,3.4000000000000004,99.8,24,1020,N/A
2015,5,17,8,30,0,0,23,0.04,3.3000000000000003,100,23,1020,N/A
2015,5,17,9,30,0,0,23,0.04,3.1,100,23,1020,N/A
2015,5,17,10,30,0,0,23,0.04,3.2,100,23,1020,N/A
2015,5,17,11,30,51,322,23,0.04,3.5,95.78,24,1020,N/A
2015,5,17,12,30,86,586,23,0.04,3.5,91.05,25,1020,N/A
2015,5,17,13,30,104,723,22,0.04,3.2,78.48,27,1020,N/A
2015,5,17,14,30,114,801,22,0.04,2.6,70.94,28,1020,N/A
2015,5,17,15,30,121,845,21,0.04,2.2,65.16,29,1020,N/A
2015,5,17,16,30,461,74,21,0.04,1.8,60.29,30,1020,N/A
2015,5,17,17,30,486,87,21,0.04,1.5,59.68,30,1020,N/A
2015,5,17,18,30,459,312,21,0.04,1.2000000000000002,57.6,31,1020,N/A
2015,5,17,19,30,410,295,21,0.04,1.1,61.910000000000004,30,1020,N/A
2015,5,17,20,30,347,154,22,0.04,1.2000000000000002,63.25,30,1020,N/A
2015,5,17,21,30,233,60,22,0.04,1.5,67.26,29,1020,N/A
2015,5,17,22,30,112,408,22,0.04,1.9000000000000001,71.16,28,1020,N/A
2015,5,17,23,30,53,76,22,0.04,2.2,76.63,27,1020,N/A
2015,5,18,0,30,0,0,22,0.04,2.5,83.33,26,1020,N/A
2015,5,18,1,30,0,0,23,0.04,3,89.97,25,1020,N/A
2015,5,18,2,30,0,0,23,0.04,3.4000000000000004,89.65,25,1020,N/A
2015,5,18,3,30,0,0,23,0.04,3.2,94.31,24,1020,N/A
2015,5,18,4,30,0,0,22,0.04,3,93.11,24,1020,N/A
2015,5,18,5,30,0,0,22,0.04,2.8000000000000003,92.12,24,1020,N/A
2015,5,18,6,30,0,0,22,0.04,2.6,91.68,24,1020,N/A
2015,5,18,7,30,0,0,22,0.04,2.5,97.25,23,1020,N/A
2015,5,18,8,30,0,0,22,0.04,2.4000000000000004,97.26,23,1020,N/A
2015,5,18,9,30,0,0,22,0.04,2.4000000000000004,97.07000000000001,23,1020,N/A
2015,5,18,10,30,0,0,22,0.04,2.5,96.60000000000001,23,1020,N/A
2015,5,18,11,30,60,75,22,0.04,2.9000000000000004,96.95,23,1020,N/A
2015,5,18,12,30,86,590,22,0.04,3,85.49,25,1020,N/A
2015,5,18,13,30,105,724,21,0.04,3,77.26,26,1020,N/A
2015,5,18,14,30,118,795,20,0.04,2.9000000000000004,69.65,27,1020,N/A
2015,5,18,15,30,126,837,20,0.04,2.7,64.37,28,1020,N/A
2015,5,18,16,30,136,852,20,0.04,2.3000000000000003,59.99,29,1020,N/A
2015,5,18,17,30,141,853,20,0.04,1.9000000000000001,55.980000000000004,30,1020,N/A
2015,5,18,18,30,146,835,20,0.04,1.8,52.980000000000004,31,1020,N/A
2015,5,18,19,30,146,801,20,0.04,2.2,57.04,30,1020,N/A
2015,5,18,20,30,309,367,20,0.04,2.7,57.9,30,1010,N/A
2015,5,18,21,30,128,650,21,0.04,3.1,62.46,29,1010,N/A
2015,5,18,22,30,103,495,21,0.04,3.1,67.82000000000001,28,1010,N/A
2015,5,18,23,30,52,215,21,0.04,2.8000000000000003,73.94,27,1010,N/A
2015,5,19,0,30,0,0,22,0.04,2.6,74.99,27,1010,N/A
2015,5,19,1,30,0,0,22,0.04,2.4000000000000004,80.58,26,1020,N/A
2015,5,19,2,30,0,0,22,0.04,2.1,81.09,26,1020,N/A
2015,5,19,3,30,0,0,22,0.04,1.8,85.8,25,1020,N/A
2015,5,19,4,30,0,0,22,0.04,1.5,85.07000000000001,25,1020,N/A
2015,5,19,5,30,0,0,22,0.04,1.4000000000000001,84.41,25,1010,N/A
2015,5,19,6,30,0,0,22,0.04,1.4000000000000001,89.09,24,1010,N/A
2015,5,19,7,30,0,0,22,0.04,1.3,88.71000000000001,24,1010,N/A
2015,5,19,8,30,0,0,21,0.04,1.3,88.45,24,1010,N/A
2015,5,19,9,30,0,0,21,0.04,1.2000000000000002,93.58,24,1010,N/A
2015,5,19,10,30,0,0,21,0.04,1.2000000000000002,93.26,24,1010,N/A
2015,5,19,11,30,55,298,21,0.04,1,88.33,25,1010,N/A
2015,5,19,12,30,97,552,21,0.04,0.7000000000000001,77.11,26,1010,N/A
2015,5,19,13,30,120,685,21,0.04,1.2000000000000002,71.14,27,1010,N/A
2015,5,19,14,30,136,762,21,0.04,1.8,67.17,28,1010,N/A
2015,5,19,15,30,152,794,21,0.04,2.2,67.78,28,1010,N/A
2015,5,19,16,30,378,27,21,0.04,2.3000000000000003,64.34,29,1010,N/A
2015,5,19,17,30,430,450,21,0.04,2.3000000000000003,64.85,29,1010,N/A
2015,5,19,18,30,163,808,21,0.04,2.4000000000000004,65.24,29,1010,N/A
2015,5,19,19,30,158,779,21,0.04,2.4000000000000004,65.47,29,1010,N/A
2015,5,19,20,30,147,730,21,0.04,2.4000000000000004,65.75,29,1010,N/A
2015,5,19,21,30,133,637,21,0.04,2.5,69.91,28,1010,N/A
2015,5,19,22,30,103,492,22,0.04,2.6,70.74,28,1010,N/A
2015,5,19,23,30,52,228,22,0.04,2.5,76.89,27,1010,N/A
2015,5,20,0,30,0,0,22,0.04,2.5,83.42,26,1010,N/A
2015,5,20,1,30,0,0,23,0.04,2.5,85.37,26,1010,N/A
2015,5,20,2,30,0,0,23,0.04,2.3000000000000003,86.72,26,1010,N/A
2015,5,20,3,30,0,0,23,0.04,2.2,92.71000000000001,25,1010,N/A
2015,5,20,4,30,0,0,23,0.04,2.1,92.89,25,1010,N/A
2015,5,20,5,30,0,0,23,0.04,2,92.69,25,1010,N/A
2015,5,20,6,30,0,0,23,0.04,1.9000000000000001,92.29,25,1010,N/A
2015,5,20,7,30,0,0,23,0.04,1.7000000000000002,91.71000000000001,25,1010,N/A
2015,5,20,8,30,0,0,23,0.04,1.6,96.78,25,1010,N/A
2015,5,20,9,30,0,0,23,0.04,1.5,96.08,24,1010,N/A
2015,5,20,10,30,0,0,23,0.04,1.5,95.12,24,1010,N/A
2015,5,20,11,30,51,348,23,0.04,1.7000000000000002,91.04,25,1010,N/A
2015,5,20,12,30,85,603,23,0.04,1.9000000000000001,85.94,26,1010,N/A
2015,5,20,13,30,104,731,22,0.04,2.1,77.77,27,1010,N/A
2015,5,20,14,30,116,802,22,0.04,2.3000000000000003,70.67,28,1010,N/A
2015,5,20,15,30,145,810,22,0.04,2.5,66.13,29,1010,N/A
2015,5,20,16,30,149,835,21,0.04,2.9000000000000004,65.7,29,1010,N/A
2015,5,20,17,30,148,845,21,0.04,3.3000000000000003,61.64,30,1010,N/A
2015,5,20,18,30,136,852,21,0.04,3.6,61.33,30,1010,N/A
2015,5,20,19,30,128,834,21,0.04,3.8000000000000003,61.01,30,1010,N/A
2015,5,20,20,30,115,797,21,0.04,3.9000000000000004,64.33,29,1010,N/A
2015,5,20,21,30,99,731,21,0.04,3.9000000000000004,68.03,29,1010,N/A
2015,5,20,22,30,77,613,21,0.04,3.7,68.2,28,1010,N/A
2015,5,20,23,30,42,358,21,0.04,3.2,73.15,27,1010,N/A
2015,5,21,0,30,0,0,22,0.04,2.8000000000000003,79.44,26,1010,N/A
2015,5,21,1,30,0,0,22,0.04,2.6,86.48,26,1010,N/A
2015,5,21,2,30,0,0,22,0.04,2.5,87.87,25,1010,N/A
2015,5,21,3,30,0,0,22,0.04,2.4000000000000004,88.17,25,1010,N/A
2015,5,21,4,30,0,0,22,0.04,2.3000000000000003,87.61,25,1010,N/A
2015,5,21,5,30,0,0,22,0.04,2.2,92.56,25,1010,N/A
2015,5,21,6,30,0,0,22,0.04,2.1,92.38,24,1010,N/A
2015,5,21,7,30,0,0,22,0.04,2,92.37,24,1010,N/A
2015,5,21,8,30,0,0,22,0.04,1.9000000000000001,92.51,24,1010,N/A
2015,5,21,9,30,0,0,22,0.04,1.9000000000000001,92.77,24,1010,N/A
2015,5,21,10,30,0,0,22,0.04,2,93.24,24,1010,N/A
2015,5,21,11,30,50,369,23,0.04,2.6,90.45,26,1010,N/A
2015,5,21,12,30,85,608,23,0.04,3.1,85.49,27,1010,N/A
2015,5,21,13,30,106,727,23,0.04,3.2,78.95,27,1010,N/A
2015,5,21,14,30,121,794,22,0.04,3.2,72.82000000000001,28,1010,N/A
2015,5,21,15,30,439,172,22,0.04,3.4000000000000004,67.77,29,1010,N/A
2015,5,21,16,30,119,878,22,0.04,3.6,66.96000000000001,30,1010,N/A
2015,5,21,17,30,121,882,22,0.04,3.8000000000000003,62.620000000000005,30,1010,N/A
2015,5,21,18,30,129,861,22,0.04,4,62.440000000000005,30,1010,N/A
2015,5,21,19,30,125,836,22,0.04,4.1000000000000005,62.52,30,1010,N/A
2015,5,21,20,30,116,792,22,0.04,4,66.15,29,1010,N/A
2015,5,21,21,30,103,717,21,0.04,3.7,65.78,29,1010,N/A
2015,5,21,22,30,83,583,21,0.04,3.5,69.59,28,1010,N/A
2015,5,21,23,30,46,310,22,0.04,3.3000000000000003,74.84,27,1010,N/A
2015,5,22,0,30,0,0,22,0.04,3.1,81.63,26,1010,N/A
2015,5,22,1,30,0,0,23,0.04,2.9000000000000004,84.08,26,1010,N/A
2015,5,22,2,30,0,0,23,0.04,2.7,85.49,26,1010,N/A
2015,5,22,3,30,0,0,23,0.04,2.7,91.53,25,1010,N/A
2015,5,22,4,30,0,0,23,0.04,2.7,92.21000000000001,25,1010,N/A
2015,5,22,5,30,0,0,23,0.04,2.7,92.86,25,1010,N/A
2015,5,22,6,30,0,0,23,0.04,2.7,93.28,25,1010,N/A
2015,5,22,7,30,0,0,23,0.04,2.6,93.42,25,1010,N/A
2015,5,22,8,30,0,0,23,0.04,2.4000000000000004,93.46000000000001,25,1010,N/A
2015,5,22,9,30,0,0,23,0.04,2.1,93.38,25,1010,N/A
2015,5,22,10,30,0,0,23,0.04,2,93.3,25,1010,N/A
2015,5,22,11,30,53,336,24,0.04,2.3000000000000003,89.64,26,1010,N/A
2015,5,22,12,30,89,586,24,0.04,2.5,84.32000000000001,27,1010,N/A
2015,5,22,13,30,110,712,23,0.04,2.1,81.19,28,1010,N/A
2015,5,22,14,30,124,783,22,0.04,1.5,73.76,29,1010,N/A
2015,5,22,15,30,133,825,22,0.04,1.3,67.47,29,1010,N/A
2015,5,22,16,30,139,846,22,0.04,1.6,62.33,30,1010,N/A
2015,5,22,17,30,141,852,21,0.04,2,58.36,31,1010,N/A
2015,5,22,18,30,139,844,21,0.04,2.3000000000000003,58.26,31,1010,N/A
2015,5,22,19,30,135,819,21,0.04,2.5,58.21,31,1010,N/A
2015,5,22,20,30,126,772,21,0.04,2.7,61.53,30,1010,N/A
2015,5,22,21,30,113,692,21,0.04,2.7,61.36,30,1010,N/A
2015,5,22,22,30,92,549,21,0.04,2.5,65.23,29,1010,N/A
2015,5,22,23,30,50,278,22,0.04,2.3000000000000003,70.66,28,1010,N/A
2015,5,23,0,30,0,0,22,0.04,2.2,76.78,27,1010,N/A
2015,5,23,1,30,0,0,22,0.04,2.2,78.34,27,1020,N/A
2015,5,23,2,30,0,0,23,0.04,2.2,84.03,26,1020,N/A
2015,5,23,3,30,0,0,23,0.04,2.3000000000000003,84.77,26,1020,N/A
2015,5,23,4,30,0,0,23,0.04,2.6,90.46000000000001,25,1020,N/A
2015,5,23,5,30,0,0,23,0.04,3,91.08,25,1020,N/A
2015,5,23,6,30,0,0,23,0.04,3.1,97.21000000000001,24,1020,N/A
2015,5,23,7,30,0,0,23,0.04,3.1,97.15,24,1020,N/A
2015,5,23,8,30,0,0,23,0.04,3.1,100,23,1020,N/A
2015,5,23,9,30,0,0,23,0.04,3.3000000000000003,100,23,1020,N/A
2015,5,23,10,30,0,0,22,0.04,3.6,99.7,23,1020,N/A
2015,5,23,11,30,65,221,22,0.04,4,93.5,24,1020,N/A
2015,5,23,12,30,118,475,23,0.04,4.3,88.72,26,1020,N/A
2015,5,23,13,30,144,628,22,0.04,4.2,78.01,27,1020,N/A
2015,5,23,14,30,157,720,22,0.04,3.9000000000000004,72.68,28,1020,N/A
2015,5,23,15,30,150,796,22,0.04,3.5,67.64,30,1020,N/A
2015,5,23,16,30,155,821,22,0.04,3,63.230000000000004,31,1020,N/A
2015,5,23,17,30,157,826,22,0.04,2.5,60.19,31,1020,N/A
2015,5,23,18,30,173,792,22,0.04,2.3000000000000003,60.53,31,1020,N/A
2015,5,23,19,30,170,759,22,0.04,2.3000000000000003,60.2,31,1020,N/A
2015,5,23,20,30,350,152,22,0.04,2.5,59.42,31,1020,N/A
2015,5,23,21,30,172,3,22,0.04,2.8000000000000003,62.410000000000004,30,1020,N/A
2015,5,23,22,30,44,0,22,0.04,3.1,66.64,29,1020,N/A
2015,5,23,23,30,30,0,22,0.04,3.6,71.67,28,1020,N/A
2015,5,24,0,30,0,0,22,0.04,4.1000000000000005,75.49,27,1020,N/A
2015,5,24,1,30,0,0,22,0.04,4.4,80.07000000000001,26,1020,N/A
2015,5,24,2,30,0,0,22,0.04,4.3,81.27,26,1020,N/A
2015,5,24,3,30,0,0,22,0.04,4,86.77,25,1020,N/A
2015,5,24,4,30,0,0,22,0.04,3.7,87.11,25,1020,N/A
2015,5,24,5,30,0,0,22,0.04,3.6,93.51,24,1020,N/A
2015,5,24,6,30,0,0,23,0.04,3.5,94.76,24,1020,N/A
2015,5,24,7,30,0,0,23,0.04,3.4000000000000004,95.79,24,1020,N/A
2015,5,24,8,30,0,0,23,0.04,3.4000000000000004,96.3,24,1020,N/A
2015,5,24,9,30,0,0,23,0.04,3.3000000000000003,96.45,24,1020,N/A
2015,5,24,10,30,0,0,23,0.04,3.6,96.39,24,1020,N/A
2015,5,24,11,30,57,304,23,0.04,4,97.10000000000001,24,1020,N/A
2015,5,24,12,30,96,562,23,0.04,4.3,86.31,26,1020,N/A
2015,5,24,13,30,118,696,22,0.04,4.3,78.46000000000001,27,1020,N/A
2015,5,24,14,30,128,780,22,0.04,4,71.87,28,1020,N/A
2015,5,24,15,30,133,827,22,0.04,3.7,66.39,30,1020,N/A
2015,5,24,16,30,137,849,21,0.04,3.2,61.800000000000004,31,1020,N/A
2015,5,24,17,30,450,369,22,0.04,2.9000000000000004,59.09,31,1020,N/A
2015,5,24,18,30,420,391,22,0.04,2.7,59.910000000000004,31,1020,N/A
2015,5,24,19,30,317,21,22,0.04,2.6,60.03,31,1010,N/A
2015,5,24,20,30,286,28,22,0.04,2.6,59.410000000000004,31,1010,N/A
2015,5,24,21,30,211,24,22,0.04,2.7,62.71,30,1010,N/A
2015,5,24,22,30,137,31,22,0.04,3,68.42,29,1010,N/A
2015,5,24,23,30,37,0,22,0.04,3.3000000000000003,72.02,28,1020,N/A
2015,5,25,0,30,0,0,22,0.041,3.8000000000000003,76.53,27,1020,N/A
2015,5,25,1,30,0,0,22,0.041,4.3,82.56,26,1020,N/A
2015,5,25,2,30,0,0,23,0.041,4.5,83.65,26,1020,N/A
2015,5,25,3,30,0,0,23,0.041,4.4,89.17,25,1020,N/A
2015,5,25,4,30,0,0,23,0.041,4.1000000000000005,89.02,25,1020,N/A
2015,5,25,5,30,0,0,23,0.041,3.8000000000000003,89.29,25,1020,N/A
2015,5,25,6,30,0,0,23,0.041,3.4000000000000004,95.14,24,1020,N/A
2015,5,25,7,30,0,0,23,0.041,3.2,95.35000000000001,24,1020,N/A
2015,5,25,8,30,0,0,23,0.041,3.1,95.37,24,1020,N/A
2015,5,25,9,30,0,0,23,0.041,3.1,95.48,24,1020,N/A
2015,5,25,10,30,0,0,23,0.041,3.3000000000000003,95.55,24,1020,N/A
2015,5,25,11,30,53,352,23,0.041,3.8000000000000003,96.4,24,1020,N/A
2015,5,25,12,30,106,506,23,0.041,4.2,85.24,26,1020,N/A
2015,5,25,13,30,218,405,22,0.041,4.2,72.73,28,1020,N/A
2015,5,25,14,30,287,444,22,0.041,3.9000000000000004,66.27,29,1020,N/A
2015,5,25,15,30,405,338,21,0.041,3.5,60.620000000000005,30,1020,N/A
2015,5,25,16,30,461,319,21,0.041,3,56.1,31,1020,N/A
2015,5,25,17,30,126,879,21,0.041,2.5,54.5,32,1020,N/A
2015,5,25,18,30,141,844,21,0.041,2.3000000000000003,54.28,32,1010,N/A
2015,5,25,19,30,149,796,21,0.041,2.2,52.9,32,1010,N/A
2015,5,25,20,30,151,722,21,0.041,2.2,55.79,31,1010,N/A
2015,5,25,21,30,148,600,21,0.041,2.4000000000000004,60.96,30,1010,N/A
2015,5,25,22,30,5,0,22,0.041,2.8000000000000003,68.42,29,1010,N/A
2015,5,25,23,30,2,0,23,0.041,3.2,74.53,28,1010,N/A
2015,5,26,0,30,0,0,23,0.041,3.7,75.03,28,1020,N/A
2015,5,26,1,30,0,0,23,0.041,4,80.28,27,1020,N/A
2015,5,26,2,30,0,0,23,0.041,4,81.44,27,1020,N/A
2015,5,26,3,30,0,0,23,0.041,3.8000000000000003,87.42,26,1020,N/A
2015,5,26,4,30,0,0,23,0.041,3.6,88.16,26,1020,N/A
2015,5,26,5,30,0,0,24,0.041,3.5,94.48,26,1020,N/A
2015,5,26,6,30,0,0,24,0.041,3.4000000000000004,95.31,25,1020,N/A
2015,5,26,7,30,0,0,24,0.041,3.4000000000000004,95.87,25,1020,N/A
2015,5,26,8,30,0,0,24,0.041,3.3000000000000003,96.22,25,1020,N/A
2015,5,26,9,30,0,0,24,0.041,3.1,96.41,25,1020,N/A
2015,5,26,10,30,0,0,24,0.041,3,96.4,25,1020,N/A
2015,5,26,11,30,60,194,24,0.041,3.2,96.74000000000001,25,1020,N/A
2015,5,26,12,30,111,483,24,0.041,3.6,96.78,26,1020,N/A
2015,5,26,13,30,251,253,23,0.041,3.8000000000000003,88.49,27,1020,N/A
2015,5,26,14,30,273,478,23,0.041,3.6,80.44,27,1020,N/A
2015,5,26,15,30,128,827,22,0.041,3.3000000000000003,73.7,28,1020,N/A
2015,5,26,16,30,438,364,22,0.041,3,67.72,29,1020,N/A
2015,5,26,17,30,504,215,22,0.041,2.4000000000000004,62.75,30,1020,N/A
2015,5,26,18,30,405,441,22,0.041,1.8,62.92,30,1020,N/A
2015,5,26,19,30,419,268,22,0.041,1.4000000000000001,64.59,30,1020,N/A
2015,5,26,20,30,129,761,22,0.041,1.4000000000000001,64.52,30,1020,N/A
2015,5,26,21,30,245,235,22,0.041,1.7000000000000002,70.07000000000001,29,1020,N/A
2015,5,26,22,30,132,313,22,0.041,1.9000000000000001,74.23,28,1020,N/A
2015,5,26,23,30,45,0,23,0.041,2.1,82.21000000000001,27,1020,N/A
2015,5,27,0,30,0,0,24,0.041,2.5,90,26,1020,N/A
2015,5,27,1,30,0,0,24,0.041,3.2,90.74,26,1020,N/A
2015,5,27,2,30,0,0,24,0.041,3.7,95.81,25,1020,N/A
2015,5,27,3,30,0,0,24,0.041,4,94.73,25,1020,N/A
2015,5,27,4,30,0,0,23,0.041,4.1000000000000005,98.38,24,1020,N/A
2015,5,27,5,30,0,0,23,0.041,4,96.44,24,1020,N/A
2015,5,27,6,30,0,0,23,0.041,4,95.03,24,1020,N/A
2015,5,27,7,30,0,0,22,0.041,3.9000000000000004,99.56,23,1020,N/A
2015,5,27,8,30,0,0,22,0.041,3.8000000000000003,98.46000000000001,23,1020,N/A
2015,5,27,9,30,0,0,22,0.041,3.6,97.41,23,1020,N/A
2015,5,27,10,30,0,0,22,0.041,3.3000000000000003,96.32000000000001,23,1020,N/A
2015,5,27,11,30,55,291,22,0.041,3.1,96.31,23,1020,N/A
2015,5,27,12,30,152,217,22,0.041,3,90.87,25,1020,N/A
2015,5,27,13,30,244,291,21,0.041,2.9000000000000004,77.67,26,1020,N/A
2015,5,27,14,30,113,815,20,0.041,2.7,69.48,27,1020,N/A
2015,5,27,15,30,120,857,20,0.041,2.7,62.730000000000004,28,1020,N/A
2015,5,27,16,30,126,876,19,0.041,2.8000000000000003,56.83,29,1020,N/A
2015,5,27,17,30,431,413,19,0.041,2.9000000000000004,51.76,30,1020,N/A
2015,5,27,18,30,405,464,18,0.041,2.9000000000000004,47.730000000000004,31,1020,N/A
2015,5,27,19,30,129,839,18,0.041,3,46.910000000000004,32,1010,N/A
2015,5,27,20,30,123,791,18,0.041,3,48.29,31,1010,N/A
2015,5,27,21,30,112,710,19,0.041,3.2,53.78,31,1010,N/A
2015,5,27,22,30,92,566,19,0.041,3.6,58.18,30,1010,N/A
2015,5,27,23,30,53,292,19,0.041,4.3,61.79,28,1010,N/A
2015,5,28,0,30,0,0,19,0.041,4.800000000000001,64.69,27,1010,N/A
2015,5,28,1,30,0,0,20,0.041,4.7,70.53,26,1020,N/A
2015,5,28,2,30,0,0,20,0.041,4.4,76.18,25,1020,N/A
2015,5,28,3,30,0,0,20,0.041,4,82.14,24,1020,N/A
2015,5,28,4,30,0,0,21,0.041,3.6,83.42,24,1020,N/A
2015,5,28,5,30,0,0,21,0.041,3.4000000000000004,89.65,23,1020,N/A
2015,5,28,6,30,0,0,21,0.041,3.2,90.45,23,1010,N/A
2015,5,28,7,30,0,0,21,0.041,3,90.84,23,1010,N/A
2015,5,28,8,30,0,0,21,0.041,2.9000000000000004,96.44,22,1010,N/A
2015,5,28,9,30,0,0,21,0.041,2.8000000000000003,95.92,22,1010,N/A
2015,5,28,10,30,0,0,21,0.041,3,95.07000000000001,22,1020,N/A
2015,5,28,11,30,54,368,21,0.041,3.6,83.74,24,1020,N/A
2015,5,28,12,30,87,624,20,0.041,4,75.75,25,1020,N/A
2015,5,28,13,30,105,752,19,0.041,4,68.32000000000001,26,1020,N/A
2015,5,28,14,30,115,826,19,0.041,3.8000000000000003,58.480000000000004,28,1020,N/A
2015,5,28,15,30,124,863,18,0.041,3.6,52.89,29,1020,N/A
2015,5,28,16,30,129,881,17,0.041,3.4000000000000004,48.06,30,1010,N/A
2015,5,28,17,30,484,298,17,0.041,3.2,46.67,31,1010,N/A
2015,5,28,18,30,136,865,16,0.041,2.9000000000000004,42.94,31,1010,N/A
2015,5,28,19,30,134,834,16,0.041,2.5,42.76,31,1010,N/A
2015,5,28,20,30,130,780,17,0.041,2.3000000000000003,45.65,31,1010,N/A
2015,5,28,21,30,118,695,18,0.041,2.3000000000000003,50.09,30,1010,N/A
2015,5,28,22,30,95,558,18,0.041,2.4000000000000004,51.95,29,1010,N/A
2015,5,28,23,30,54,295,18,0.041,2.7,54.97,28,1010,N/A
2015,5,29,0,30,0,0,18,0.041,3.4000000000000004,59.18,27,1010,N/A
2015,5,29,1,30,0,0,18,0.041,4.2,64.26,26,1010,N/A
2015,5,29,2,30,0,0,19,0.041,4.6000000000000005,69.38,25,1010,N/A
2015,5,29,3,30,0,0,19,0.041,4.5,74.39,24,1020,N/A
2015,5,29,4,30,0,0,19,0.041,3.9000000000000004,80.4,23,1010,N/A
2015,5,29,5,30,0,0,19,0.041,3.5,81.14,23,1010,N/A
2015,5,29,6,30,0,0,19,0.041,3.2,86.47,22,1010,N/A
2015,5,29,7,30,0,0,19,0.041,3,86.53,22,1010,N/A
2015,5,29,8,30,0,0,19,0.041,2.8000000000000003,91.77,21,1010,N/A
2015,5,29,9,30,0,0,19,0.041,2.6,91.24,21,1010,N/A
2015,5,29,10,30,0,0,19,0.041,2.8000000000000003,90.46000000000001,21,1010,N/A
2015,5,29,11,30,50,430,19,0.041,3.2,79.85000000000001,23,1010,N/A
2015,5,29,12,30,77,676,18,0.041,3.5,72.36,25,1010,N/A
2015,5,29,13,30,93,793,18,0.041,3.4000000000000004,61.95,26,1010,N/A
2015,5,29,14,30,102,858,17,0.041,2.9000000000000004,57.58,27,1010,N/A
2015,5,29,15,30,105,897,17,0.041,2.3000000000000003,53.74,28,1010,N/A
2015,5,29,16,30,484,116,17,0.041,1.7000000000000002,50.17,29,1010,N/A
2015,5,29,17,30,433,404,17,0.041,1.3,47.4,30,1010,N/A
2015,5,29,18,30,406,445,17,0.041,1,48.46,31,1010,N/A
2015,5,29,19,30,352,31,18,0.041,1.1,50.28,30,1010,N/A
2015,5,29,20,30,99,831,19,0.041,1.3,52.24,30,1010,N/A
2015,5,29,21,30,254,141,19,0.041,1.6,56.78,29,1010,N/A
2015,5,29,22,30,4,0,19,0.041,1.9000000000000001,61.2,29,1010,N/A
2015,5,29,23,30,30,0,20,0.041,2.2,62.54,28,1010,N/A
2015,5,30,0,30,0,0,20,0.041,2.8000000000000003,67.74,27,1010,N/A
2015,5,30,1,30,0,0,20,0.041,3.6,69.16,27,1010,N/A
2015,5,30,2,30,0,0,21,0.041,4.1000000000000005,74.87,26,1010,N/A
2015,5,30,3,30,0,0,21,0.041,4.1000000000000005,80.22,25,1010,N/A
2015,5,30,4,30,0,0,21,0.041,3.8000000000000003,86.22,24,1010,N/A
2015,5,30,5,30,0,0,21,0.041,3.5,87.44,24,1010,N/A
2015,5,30,6,30,0,0,21,0.041,3.2,93.72,23,1010,N/A
2015,5,30,7,30,0,0,22,0.041,2.8000000000000003,94.32000000000001,23,1010,N/A
2015,5,30,8,30,0,0,22,0.041,2.6,100,23,1010,N/A
2015,5,30,9,30,0,0,22,0.041,2.3000000000000003,100,22,1010,N/A
2015,5,30,10,30,0,0,22,0.041,2.5,100,22,1010,N/A
2015,5,30,11,30,45,449,22,0.041,2.9000000000000004,89.4,24,1010,N/A
2015,5,30,12,30,71,682,21,0.041,2.9000000000000004,81.47,25,1010,N/A
2015,5,30,13,30,84,798,21,0.041,2.5,70.06,27,1010,N/A
2015,5,30,14,30,93,862,20,0.041,2.1,63.21,28,1010,N/A
2015,5,30,15,30,97,900,19,0.041,1.6,57.13,29,1010,N/A
2015,5,30,16,30,101,916,19,0.041,1.1,51.870000000000005,30,1010,N/A
2015,5,30,17,30,104,917,18,0.041,0.7000000000000001,47.94,31,1010,N/A
2015,5,30,18,30,110,897,18,0.041,0.5,48.26,31,1010,N/A
2015,5,30,19,30,112,865,19,0.041,0.6000000000000001,49.78,31,1010,N/A
2015,5,30,20,30,108,815,19,0.041,1,54.4,30,1010,N/A
2015,5,30,21,30,104,724,20,0.041,1.3,59.52,29,1010,N/A
2015,5,30,22,30,89,573,20,0.041,1.5,65.26,28,1010,N/A
2015,5,30,23,30,53,306,21,0.041,1.5,72.01,27,1010,N/A
2015,5,31,0,30,0,0,22,0.041,1.6,74.73,27,1010,N/A
2015,5,31,1,30,0,0,22,0.041,1.9000000000000001,82.16,26,1010,N/A
2015,5,31,2,30,0,0,23,0.041,2.5,83.92,26,1010,N/A
2015,5,31,3,30,0,0,23,0.041,2.9000000000000004,88.9,25,1010,N/A
2015,5,31,4,30,0,0,22,0.041,3.1,87.99,25,1010,N/A
2015,5,31,5,30,0,0,22,0.041,3.1,87.32000000000001,25,1010,N/A
2015,5,31,6,30,0,0,22,0.041,2.9000000000000004,92.26,24,1010,N/A
2015,5,31,7,30,0,0,22,0.041,2.7,92,24,1010,N/A
2015,5,31,8,30,0,0,22,0.041,2.5,91.76,24,1010,N/A
2015,5,31,9,30,0,0,22,0.041,2.3000000000000003,91.84,24,1010,N/A
2015,5,31,10,30,0,0,22,0.041,2.5,92.09,24,1010,N/A
2015,5,31,11,30,52,364,22,0.041,2.9000000000000004,93.15,24,1010,N/A
2015,5,31,12,30,82,616,22,0.041,3,87.60000000000001,25,1010,N/A
2015,5,31,13,30,98,743,22,0.041,2.8000000000000003,80.36,26,1010,N/A
2015,5,31,14,30,107,815,21,0.041,2.4000000000000004,73.47,27,1010,N/A
2015,5,31,15,30,114,856,21,0.041,1.9000000000000001,67.57000000000001,28,1010,N/A
2015,5,31,16,30,118,877,21,0.041,1.3,62.160000000000004,29,1010,N/A
2015,5,31,17,30,121,881,20,0.041,0.7000000000000001,57.27,30,1010,N/A
2015,5,31,18,30,412,413,20,0.041,0.5,55.96,30,1010,N/A
2015,5,31,19,30,122,841,20,0.041,0.7000000000000001,55.5,30,1010,N/A
2015,5,31,20,30,115,798,20,0.041,0.8,55.53,30,1010,N/A
2015,5,31,21,30,104,722,20,0.041,0.9,59.06,30,1010,N/A
2015,5,31,22,30,85,592,20,0.041,0.8,60.25,29,1010,N/A
2015,5,31,23,30,50,340,21,0.041,0.8,66,28,1010,N/A
2015,6,1,0,30,0,0,21,0.041,0.8,73.2,27,1010,N/A
2015,6,1,1,30,0,0,22,0.041,0.7000000000000001,75.34,27,1010,N/A
2015,6,1,2,30,0,0,22,0.041,0.7000000000000001,82.18,26,1010,N/A
2015,6,1,3,30,0,0,23,0.041,0.7000000000000001,88.75,26,1010,N/A
2015,6,1,4,30,0,0,23,0.041,0.8,89.48,25,1010,N/A
2015,6,1,5,30,0,0,23,0.041,0.7000000000000001,95.16,25,1010,N/A
2015,6,1,6,30,0,0,23,0.041,0.5,94.98,24,1010,N/A
2015,6,1,7,30,0,0,23,0.041,0.4,94.82000000000001,24,1010,N/A
2015,6,1,8,30,0,0,23,0.041,0.30000000000000004,94.47,24,1010,N/A
2015,6,1,9,30,0,0,22,0.041,0.30000000000000004,93.85000000000001,24,1010,N/A
2015,6,1,10,30,0,0,22,0.041,0.5,93.33,24,1010,N/A
2015,6,1,11,30,53,360,22,0.041,0.9,94.13,24,1010,N/A
2015,6,1,12,30,85,604,23,0.041,1.2000000000000002,88.99,25,1010,N/A
2015,6,1,13,30,103,731,22,0.041,1.3,82.25,26,1010,N/A
2015,6,1,14,30,232,593,22,0.041,1.4000000000000001,75.27,27,1010,N/A
2015,6,1,15,30,420,286,22,0.041,1.4000000000000001,74.92,28,1010,N/A
2015,6,1,16,30,462,317,22,0.041,1.4000000000000001,70.85000000000001,28,1010,N/A
2015,6,1,17,30,432,442,22,0.041,1.6,66.74,29,1010,N/A
2015,6,1,18,30,439,358,22,0.041,1.8,66.89,29,1010,N/A
2015,6,1,19,30,410,309,22,0.041,2.2,67.45,29,1010,N/A
2015,6,1,20,30,172,684,22,0.041,2.6,72.75,28,1010,N/A
2015,6,1,21,30,170,540,22,0.041,2.7,78.66,27,1010,N/A
2015,6,1,22,30,155,208,23,0.041,2.4000000000000004,80.48,27,1010,N/A
2015,6,1,23,30,63,205,23,0.041,1.9000000000000001,87.33,26,1010,N/A
2015,6,2,0,30,0,0,23,0.043000000000000003,1.6,88.52,26,1010,N/A
2015,6,2,1,30,0,0,24,0.043000000000000003,1.4000000000000001,89.06,26,1010,N/A
2015,6,2,2,30,0,0,24,0.043000000000000003,1.2000000000000002,94.79,26,1010,N/A
2015,6,2,3,30,0,0,23,0.043000000000000003,1,94.15,25,1010,N/A
2015,6,2,4,30,0,0,23,0.043000000000000003,0.8,92.68,25,1010,N/A
2015,6,2,5,30,0,0,23,0.043000000000000003,0.7000000000000001,91.42,25,1010,N/A
2015,6,2,6,30,0,0,23,0.043000000000000003,0.7000000000000001,96.15,24,1010,N/A
2015,6,2,7,30,0,0,23,0.043000000000000003,0.8,95.68,24,1010,N/A
2015,6,2,8,30,0,0,23,0.043000000000000003,1,95.49,24,1010,N/A
2015,6,2,9,30,0,0,23,0.043000000000000003,1.1,95.60000000000001,24,1010,N/A
2015,6,2,10,30,0,0,23,0.043000000000000003,1.3,95.44,24,1010,N/A
2015,6,2,11,30,26,0,23,0.043000000000000003,1.7000000000000002,96.06,24,1010,N/A
2015,6,2,12,30,48,0,23,0.043000000000000003,2.1,96.23,24,1010,N/A
2015,6,2,13,30,65,0,23,0.043000000000000003,2.3000000000000003,89.71000000000001,25,1010,N/A
2015,6,2,14,30,253,15,22,0.043000000000000003,2.3000000000000003,87.9,25,1010,N/A
2015,6,2,15,30,261,13,22,0.043000000000000003,2.2,85.42,25,1010,N/A
2015,6,2,16,30,235,11,21,0.043000000000000003,2,78.58,26,1010,N/A
2015,6,2,17,30,246,12,21,0.043000000000000003,1.9000000000000001,78.12,26,1010,N/A
2015,6,2,18,30,209,9,21,0.043000000000000003,1.8,77.96000000000001,26,1010,N/A
2015,6,2,19,30,317,21,21,0.043000000000000003,1.6,83.02,25,1010,N/A
2015,6,2,20,30,174,3,22,0.043000000000000003,1.6,83.77,25,1010,N/A
2015,6,2,21,30,249,84,22,0.043000000000000003,1.5,89.95,24,1010,N/A
2015,6,2,22,30,41,0,22,0.043000000000000003,1.4000000000000001,90.63,24,1010,N/A
2015,6,2,23,30,40,0,22,0.043000000000000003,1.2000000000000002,96.24000000000001,23,1010,N/A
2015,6,3,0,30,0,0,22,0.043000000000000003,1.2000000000000002,96.41,23,1010,N/A
2015,6,3,1,30,0,0,22,0.043000000000000003,1.4000000000000001,96.02,23,1010,N/A
2015,6,3,2,30,0,0,22,0.043000000000000003,1.6,95.68,23,1010,N/A
2015,6,3,3,30,0,0,22,0.043000000000000003,1.7000000000000002,95.43,23,1010,N/A
2015,6,3,4,30,0,0,22,0.043000000000000003,1.8,94.85000000000001,23,1010,N/A
2015,6,3,5,30,0,0,22,0.043000000000000003,1.9000000000000001,94.42,23,1010,N/A
2015,6,3,6,30,0,0,21,0.043000000000000003,1.9000000000000001,99.58,22,1010,N/A
2015,6,3,7,30,0,0,21,0.043000000000000003,1.9000000000000001,98.82000000000001,22,1010,N/A
2015,6,3,8,30,0,0,21,0.043000000000000003,2,98.25,22,1010,N/A
2015,6,3,9,30,0,0,21,0.043000000000000003,1.9000000000000001,97.72,22,1010,N/A
2015,6,3,10,30,0,0,21,0.043000000000000003,2.2,97.13,22,1010,N/A
2015,6,3,11,30,64,62,21,0.043000000000000003,2.6,93.29,23,1010,N/A
2015,6,3,12,30,75,641,22,0.043000000000000003,2.8000000000000003,94.54,23,1010,N/A
2015,6,3,13,30,89,762,21,0.043000000000000003,2.9000000000000004,83.43,25,1010,N/A
2015,6,3,14,30,97,832,21,0.043000000000000003,2.9000000000000004,76.08,26,1010,N/A
2015,6,3,15,30,111,858,21,0.043000000000000003,2.7,69.91,27,1010,N/A
2015,6,3,16,30,119,873,20,0.043000000000000003,2.4000000000000004,68.44,28,1010,N/A
2015,6,3,17,30,123,876,20,0.043000000000000003,2.3000000000000003,63.21,28,1010,N/A
2015,6,3,18,30,135,849,20,0.043000000000000003,2.3000000000000003,58.88,29,1010,N/A
2015,6,3,19,30,135,818,20,0.043000000000000003,2.3000000000000003,58.38,30,1010,N/A
2015,6,3,20,30,128,771,19,0.043000000000000003,2.3000000000000003,54.83,30,1010,N/A
2015,6,3,21,30,116,692,19,0.043000000000000003,2.5,57.89,29,1010,N/A
2015,6,3,22,30,94,558,19,0.043000000000000003,2.6,61.83,29,1010,N/A
2015,6,3,23,30,54,312,20,0.043000000000000003,2.6,67.21000000000001,28,1010,N/A
2015,6,4,0,30,0,0,20,0.043000000000000003,2.7,68.52,27,1010,N/A
2015,6,4,1,30,0,0,20,0.043000000000000003,2.8000000000000003,73.85000000000001,26,1010,N/A
2015,6,4,2,30,0,0,21,0.043000000000000003,2.7,79.34,25,1010,N/A
2015,6,4,3,30,0,0,21,0.043000000000000003,2.4000000000000004,79.76,25,1010,N/A
2015,6,4,4,30,0,0,21,0.043000000000000003,2.1,84.8,24,1010,N/A
2015,6,4,5,30,0,0,21,0.043000000000000003,1.8,84.74,24,1010,N/A
2015,6,4,6,30,0,0,21,0.043000000000000003,1.5,89.82000000000001,23,1010,N/A
2015,6,4,7,30,0,0,21,0.043000000000000003,1.2000000000000002,89.51,23,1010,N/A
2015,6,4,8,30,0,0,21,0.043000000000000003,1.1,89.15,23,1010,N/A
2015,6,4,9,30,0,0,21,0.043000000000000003,1.1,89.2,23,1010,N/A
2015,6,4,10,30,0,0,21,0.043000000000000003,1.3,89.82000000000001,23,1010,N/A
2015,6,4,11,30,45,444,21,0.043000000000000003,1.4000000000000001,86.69,24,1010,N/A
2015,6,4,12,30,70,675,21,0.043000000000000003,1.4000000000000001,75.79,26,1010,N/A
2015,6,4,13,30,85,786,20,0.043000000000000003,1.5,69.02,27,1010,N/A
2015,6,4,14,30,96,847,20,0.043000000000000003,1.7000000000000002,63.72,28,1010,N/A
2015,6,4,15,30,103,883,20,0.043000000000000003,1.9000000000000001,59.42,29,1010,N/A
2015,6,4,16,30,109,897,20,0.043000000000000003,2,55.84,30,1010,N/A
2015,6,4,17,30,114,897,20,0.043000000000000003,2,52.88,31,1010,N/A
2015,6,4,18,30,409,457,20,0.043000000000000003,2.1,53.370000000000005,31,1010,N/A
2015,6,4,19,30,406,340,20,0.043000000000000003,1.9000000000000001,53.93,31,1010,N/A
2015,6,4,20,30,321,352,20,0.043000000000000003,1.5,54.43,31,1010,N/A
2015,6,4,21,30,237,309,20,0.043000000000000003,1.1,58.160000000000004,30,1010,N/A
2015,6,4,22,30,143,275,21,0.043000000000000003,0.9,62.82,29,1010,N/A
2015,6,4,23,30,63,142,21,0.043000000000000003,0.9,68.59,28,1010,N/A
2015,6,5,0,30,0,0,22,0.043000000000000003,1.1,71.66,28,1010,N/A
2015,6,5,1,30,0,0,22,0.043000000000000003,1.2000000000000002,77.39,27,1010,N/A
2015,6,5,2,30,0,0,22,0.043000000000000003,1.2000000000000002,83.43,27,1010,N/A
2015,6,5,3,30,0,0,23,0.043000000000000003,1.3,83.92,26,1010,N/A
2015,6,5,4,30,0,0,23,0.043000000000000003,1.4000000000000001,83.71000000000001,26,1010,N/A
2015,6,5,5,30,0,0,22,0.043000000000000003,1.5,88.61,25,1010,N/A
2015,6,5,6,30,0,0,22,0.043000000000000003,1.7000000000000002,88.35000000000001,25,1010,N/A
2015,6,5,7,30,0,0,22,0.043000000000000003,1.8,93.78,25,1010,N/A
2015,6,5,8,30,0,0,22,0.043000000000000003,1.7000000000000002,94.01,24,1010,N/A
2015,6,5,9,30,0,0,23,0.043000000000000003,1.5,94.27,24,1010,N/A
2015,6,5,10,30,0,0,23,0.043000000000000003,1.5,94.4,24,1010,N/A
2015,6,5,11,30,57,332,23,0.043000000000000003,1.5,90.24,25,1010,N/A
2015,6,5,12,30,113,476,23,0.043000000000000003,1.1,85.10000000000001,26,1010,N/A
2015,6,5,13,30,113,705,22,0.043000000000000003,1,77.83,28,1010,N/A
2015,6,5,14,30,128,774,22,0.043000000000000003,1.2000000000000002,71.84,29,1010,N/A
2015,6,5,15,30,373,401,22,0.043000000000000003,1.3,67.24,29,1010,N/A
2015,6,5,16,30,148,829,22,0.043000000000000003,1.3,62.940000000000005,30,1010,N/A
2015,6,5,17,30,486,293,22,0.043000000000000003,1.3,62.4,31,1010,N/A
2015,6,5,18,30,431,372,21,0.043000000000000003,1.5,58.63,31,1010,N/A
2015,6,5,19,30,292,16,21,0.043000000000000003,1.7000000000000002,58.620000000000005,31,1010,N/A
2015,6,5,20,30,266,488,21,0.043000000000000003,1.9000000000000001,62.24,30,1010,N/A
2015,6,5,21,30,248,74,22,0.043000000000000003,1.8,62.39,30,1010,N/A
2015,6,5,22,30,155,104,22,0.043000000000000003,1.5,66.76,29,1010,N/A
2015,6,5,23,30,63,51,22,0.043000000000000003,1.2000000000000002,71.11,28,1010,N/A
2015,6,6,0,30,0,0,22,0.043000000000000003,1,77.13,27,1010,N/A
2015,6,6,1,30,0,0,22,0.043000000000000003,1.1,77.94,27,1010,N/A
2015,6,6,2,30,0,0,22,0.043000000000000003,1.3,83.46000000000001,26,1010,N/A
2015,6,6,3,30,0,0,23,0.043000000000000003,1.4000000000000001,83.63,26,1010,N/A
2015,6,6,4,30,0,0,22,0.043000000000000003,1.4000000000000001,88.17,25,1010,N/A
2015,6,6,5,30,0,0,22,0.043000000000000003,1.3,87.68,25,1010,N/A
2015,6,6,6,30,0,0,22,0.043000000000000003,1.2000000000000002,87.31,25,1010,N/A
2015,6,6,7,30,0,0,22,0.043000000000000003,1.2000000000000002,92.62,24,1010,N/A
2015,6,6,8,30,0,0,22,0.043000000000000003,1,92.82000000000001,24,1010,N/A
2015,6,6,9,30,0,0,22,0.043000000000000003,0.7000000000000001,92.77,24,1010,N/A
2015,6,6,10,30,0,0,22,0.043000000000000003,0.5,92.62,24,1010,N/A
2015,6,6,11,30,49,0,22,0.043000000000000003,0.4,88.43,25,1010,N/A
2015,6,6,12,30,157,180,23,0.043000000000000003,1,83.99,26,1010,N/A
2015,6,6,13,30,243,301,22,0.043000000000000003,1.8,78.31,27,1010,N/A
2015,6,6,14,30,340,292,22,0.043000000000000003,2.3000000000000003,72.13,28,1010,N/A
2015,6,6,15,30,439,152,22,0.043000000000000003,2.4000000000000004,71.62,28,1010,N/A
2015,6,6,16,30,445,57,22,0.043000000000000003,2.2,67.1,29,1010,N/A
2015,6,6,17,30,475,70,22,0.043000000000000003,1.9000000000000001,66.15,29,1010,N/A
2015,6,6,18,30,165,5,21,0.043000000000000003,1.6,65.1,29,1010,N/A
2015,6,6,19,30,276,14,21,0.043000000000000003,1.2000000000000002,64.18,29,1010,N/A
2015,6,6,20,30,198,6,21,0.043000000000000003,1.1,63.58,29,1010,N/A
2015,6,6,21,30,234,43,21,0.043000000000000003,0.9,66.68,29,1010,N/A
2015,6,6,22,30,141,24,21,0.043000000000000003,0.6000000000000001,66.29,28,1010,N/A
2015,6,6,23,30,57,309,21,0.043000000000000003,0.30000000000000004,71.23,27,1010,N/A
2015,6,7,0,30,0,0,21,0.043000000000000003,0.30000000000000004,72.38,27,1010,N/A
2015,6,7,1,30,0,0,21,0.043000000000000003,0.4,77.91,26,1010,N/A
2015,6,7,2,30,0,0,22,0.043000000000000003,0.6000000000000001,79.3,26,1010,N/A
2015,6,7,3,30,0,0,22,0.043000000000000003,0.8,85.14,25,1010,N/A
2015,6,7,4,30,0,0,22,0.043000000000000003,0.9,85.65,25,1010,N/A
2015,6,7,5,30,0,0,22,0.043000000000000003,0.9,86.16,25,1010,N/A
2015,6,7,6,30,0,0,22,0.043000000000000003,0.8,91.84,24,1010,N/A
2015,6,7,7,30,0,0,22,0.043000000000000003,0.7000000000000001,91.99,24,1010,N/A
2015,6,7,8,30,0,0,22,0.043000000000000003,0.6000000000000001,91.82000000000001,24,1010,N/A
2015,6,7,9,30,0,0,22,0.043000000000000003,0.30000000000000004,91.63,24,1010,N/A
2015,6,7,10,30,0,0,22,0.043000000000000003,0.2,91.41,24,1010,N/A
2015,6,7,11,30,64,270,22,0.043000000000000003,0.7000000000000001,88.29,25,1010,N/A
2015,6,7,12,30,111,508,22,0.043000000000000003,1.3,82.4,26,1010,N/A
2015,6,7,13,30,141,636,22,0.043000000000000003,1.8,76.3,27,1010,N/A
2015,6,7,14,30,161,710,22,0.043000000000000003,2,70.87,28,1010,N/A
2015,6,7,15,30,177,750,22,0.043000000000000003,2.1,66.17,29,1010,N/A
2015,6,7,16,30,187,772,21,0.043000000000000003,2,61.79,30,1010,N/A
2015,6,7,17,30,189,779,21,0.043000000000000003,1.9000000000000001,60.97,30,1010,N/A
2015,6,7,18,30,410,426,21,0.043000000000000003,1.7000000000000002,56.82,31,1010,N/A
2015,6,7,19,30,369,407,21,0.043000000000000003,1.7000000000000002,56.47,31,1010,N/A
2015,6,7,20,30,326,56,21,0.043000000000000003,1.7000000000000002,59.9,30,1010,N/A
2015,6,7,21,30,46,0,21,0.043000000000000003,1.8,60.160000000000004,30,1010,N/A
2015,6,7,22,30,144,31,21,0.043000000000000003,2,64.6,29,1010,N/A
2015,6,7,23,30,68,151,21,0.043000000000000003,2.2,68.81,28,1010,N/A
2015,6,8,0,30,0,0,22,0.043000000000000003,2.4000000000000004,74.8,27,1010,N/A
2015,6,8,1,30,0,0,22,0.043000000000000003,2.7,81.10000000000001,26,1010,N/A
2015,6,8,2,30,0,0,22,0.043000000000000003,2.8000000000000003,87.37,25,1010,N/A
2015,6,8,3,30,0,0,22,0.043000000000000003,2.8000000000000003,87.76,25,1010,N/A
2015,6,8,4,30,0,0,22,0.043000000000000003,2.6,92.94,25,1010,N/A
2015,6,8,5,30,0,0,22,0.043000000000000003,2.3000000000000003,92.87,24,1010,N/A
2015,6,8,6,30,0,0,22,0.043000000000000003,2,92.85000000000001,24,1010,N/A
2015,6,8,7,30,0,0,22,0.043000000000000003,1.8,98.5,23,1010,N/A
2015,6,8,8,30,0,0,22,0.043000000000000003,1.6,98.25,23,1010,N/A
2015,6,8,9,30,0,0,22,0.043000000000000003,1.4000000000000001,97.75,23,1010,N/A
2015,6,8,10,30,0,0,22,0.043000000000000003,1.7000000000000002,97.33,23,1010,N/A
2015,6,8,11,30,54,369,22,0.043000000000000003,2.1,93.7,24,1010,N/A
2015,6,8,12,30,85,615,22,0.043000000000000003,2.1,82.69,26,1010,N/A
2015,6,8,13,30,101,743,22,0.043000000000000003,2,75.37,27,1010,N/A
2015,6,8,14,30,110,816,21,0.043000000000000003,1.7000000000000002,68.06,28,1010,N/A
2015,6,8,15,30,122,850,20,0.043000000000000003,1.4000000000000001,61.800000000000004,29,1010,N/A
2015,6,8,16,30,126,871,20,0.043000000000000003,1.1,56.19,30,1010,N/A
2015,6,8,17,30,128,876,19,0.043000000000000003,0.6000000000000001,51.61,31,1010,N/A
2015,6,8,18,30,119,879,19,0.043000000000000003,0.4,50.5,32,1010,N/A
2015,6,8,19,30,117,852,19,0.043000000000000003,0.6000000000000001,50.59,32,1010,N/A
2015,6,8,20,30,112,807,19,0.043000000000000003,1.1,51.79,31,1010,N/A
2015,6,8,21,30,106,722,20,0.043000000000000003,1.5,56.21,30,1010,N/A
2015,6,8,22,30,90,583,20,0.043000000000000003,1.7000000000000002,61.160000000000004,29,1010,N/A
2015,6,8,23,30,55,335,21,0.043000000000000003,1.7000000000000002,67.21000000000001,28,1010,N/A
2015,6,9,0,30,0,0,21,0.043000000000000003,1.5,69.63,28,1010,N/A
2015,6,9,1,30,0,0,22,0.043000000000000003,1.2000000000000002,75.7,27,1010,N/A
2015,6,9,2,30,0,0,22,0.043000000000000003,1.1,76.57000000000001,27,1010,N/A
2015,6,9,3,30,0,0,22,0.043000000000000003,0.9,77.24,27,1010,N/A
2015,6,9,4,30,0,0,22,0.043000000000000003,0.6000000000000001,81.91,26,1010,N/A
2015,6,9,5,30,0,0,22,0.043000000000000003,0.30000000000000004,82.54,26,1010,N/A
2015,6,9,6,30,0,0,22,0.043000000000000003,0.2,87.96000000000001,25,1010,N/A
2015,6,9,7,30,0,0,22,0.043000000000000003,0.5,88.36,25,1010,N/A
2015,6,9,8,30,0,0,22,0.043000000000000003,0.8,88.51,25,1010,N/A
2015,6,9,9,30,0,0,22,0.043000000000000003,0.9,88.38,25,1010,N/A
2015,6,9,10,30,0,0,22,0.043000000000000003,1.1,88.24,25,1010,N/A
2015,6,9,11,30,51,386,23,0.043000000000000003,1.5,84.96000000000001,26,1010,N/A
2015,6,9,12,30,80,625,22,0.043000000000000003,1.7000000000000002,78.66,27,1010,N/A
2015,6,9,13,30,95,746,22,0.043000000000000003,1.7000000000000002,71.83,28,1010,N/A
2015,6,9,14,30,105,815,22,0.043000000000000003,1.7000000000000002,66.75,29,1010,N/A
2015,6,9,15,30,112,854,22,0.043000000000000003,1.9000000000000001,62.730000000000004,30,1010,N/A
2015,6,9,16,30,115,875,22,0.043000000000000003,2.2,62.84,30,1010,N/A
2015,6,9,17,30,116,882,22,0.043000000000000003,2.5,63.26,30,1010,N/A
2015,6,9,18,30,441,355,22,0.043000000000000003,2.8000000000000003,63.480000000000004,30,1010,N/A
2015,6,9,19,30,406,329,22,0.043000000000000003,3,63.9,30,1010,N/A
2015,6,9,20,30,332,319,22,0.043000000000000003,3.1,68.18,29,1010,N/A
2015,6,9,21,30,94,747,22,0.043000000000000003,3.1,68.61,29,1010,N/A
2015,6,9,22,30,136,341,22,0.043000000000000003,3,73.66,28,1010,N/A
2015,6,9,23,30,64,95,23,0.043000000000000003,2.5,79.82000000000001,27,1010,N/A
2015,6,10,0,30,0,0,23,0.043000000000000003,1.7000000000000002,86.54,27,1010,N/A
2015,6,10,1,30,0,0,23,0.043000000000000003,0.9,87.29,27,1010,N/A
2015,6,10,2,30,0,0,23,0.043000000000000003,0.4,86.67,26,1010,N/A
2015,6,10,3,30,0,0,23,0.043000000000000003,0.5,86.28,26,1010,N/A
2015,6,10,4,30,0,0,23,0.043000000000000003,0.9,92.25,25,1010,N/A
2015,6,10,5,30,0,0,23,0.043000000000000003,1.3,93.01,25,1010,N/A
2015,6,10,6,30,0,0,23,0.043000000000000003,1.8,93.93,25,1010,N/A
2015,6,10,7,30,0,0,24,0.043000000000000003,2.2,94.54,25,1010,N/A
2015,6,10,8,30,0,0,24,0.043000000000000003,2.3000000000000003,94.64,25,1010,N/A
2015,6,10,9,30,0,0,24,0.043000000000000003,2.1,94.48,25,1010,N/A
2015,6,10,10,30,0,0,23,0.043000000000000003,1.8,94.11,25,1010,N/A
2015,6,10,11,30,61,211,24,0.043000000000000003,1.7000000000000002,95.18,25,1010,N/A
2015,6,10,12,30,116,460,24,0.043000000000000003,1.5,90.35000000000001,26,1010,N/A
2015,6,10,13,30,210,431,24,0.043000000000000003,1.2000000000000002,89.34,26,1010,N/A
2015,6,10,14,30,340,291,23,0.043000000000000003,1.1,81.83,27,1010,N/A
2015,6,10,15,30,403,338,23,0.043000000000000003,1.2000000000000002,81.81,28,1010,N/A
2015,6,10,16,30,490,166,23,0.043000000000000003,1.7000000000000002,78.27,28,1010,N/A
2015,6,10,17,30,462,59,24,0.043000000000000003,2.2,84.22,28,1010,N/A
2015,6,10,18,30,484,119,24,0.043000000000000003,2.5,85.32000000000001,27,1010,N/A
2015,6,10,19,30,255,12,24,0.043000000000000003,2.7,86.66,27,1010,N/A
2015,6,10,20,30,146,0,24,0.043000000000000003,2.9000000000000004,93.08,27,1010,N/A
2015,6,10,21,30,27,0,24,0.043000000000000003,2.8000000000000003,93.38,26,1010,N/A
2015,6,10,22,30,93,0,24,0.043000000000000003,2.5,99.10000000000001,25,1010,N/A
2015,6,10,23,30,54,0,24,0.043000000000000003,2.2,98.57000000000001,25,1010,N/A
2015,6,11,0,30,0,0,24,0.043000000000000003,2,97.2,25,1010,N/A
2015,6,11,1,30,0,0,24,0.043000000000000003,2,100,24,1010,N/A
2015,6,11,2,30,0,0,24,0.043000000000000003,2.4000000000000004,100,24,1010,N/A
2015,6,11,3,30,0,0,23,0.043000000000000003,3,99.92,24,1010,N/A
2015,6,11,4,30,0,0,23,0.043000000000000003,3.4000000000000004,98.98,24,1010,N/A
2015,6,11,5,30,0,0,23,0.043000000000000003,3.5,98.07000000000001,24,1010,N/A
2015,6,11,6,30,0,0,23,0.043000000000000003,3.7,97.45,24,1010,N/A
2015,6,11,7,30,0,0,23,0.043000000000000003,3.9000000000000004,97.29,24,1010,N/A
2015,6,11,8,30,0,0,23,0.043000000000000003,3.8000000000000003,97.18,24,1010,N/A
2015,6,11,9,30,0,0,23,0.043000000000000003,3.2,96.57000000000001,24,1010,N/A
2015,6,11,10,30,0,0,23,0.043000000000000003,2.5,95.04,24,1010,N/A
2015,6,11,11,30,52,0,23,0.043000000000000003,2.1,90.52,25,1010,N/A
2015,6,11,12,30,147,270,23,0.043000000000000003,1.9000000000000001,90.69,25,1010,N/A
2015,6,11,13,30,247,273,22,0.043000000000000003,1.6,83.37,26,1010,N/A
2015,6,11,14,30,349,248,22,0.043000000000000003,1.2000000000000002,74.5,27,1010,N/A
2015,6,11,15,30,340,26,21,0.043000000000000003,0.8,68.03,28,1010,N/A
2015,6,11,16,30,489,152,21,0.043000000000000003,0.4,63.5,29,1010,N/A
2015,6,11,17,30,439,387,21,0.043000000000000003,0.5,62.92,29,1010,N/A
2015,6,11,18,30,409,446,21,0.043000000000000003,1.3,59.19,30,1010,N/A
2015,6,11,19,30,407,325,21,0.043000000000000003,2.2,60.29,30,1010,N/A
2015,6,11,20,30,183,4,21,0.043000000000000003,2.7,65.28,29,1010,N/A
2015,6,11,21,30,259,180,22,0.043000000000000003,2.8000000000000003,70.68,28,1010,N/A
2015,6,11,22,30,142,304,22,0.043000000000000003,2.4000000000000004,73.08,28,1010,N/A
2015,6,11,23,30,73,175,23,0.043000000000000003,2.1,80.28,27,1010,N/A
2015,6,12,0,30,0,0,23,0.043000000000000003,2.2,86.17,26,1010,N/A
2015,6,12,1,30,0,0,23,0.043000000000000003,2.5,88.08,26,1010,N/A
2015,6,12,2,30,0,0,24,0.043000000000000003,2.7,90.03,26,1010,N/A
2015,6,12,3,30,0,0,24,0.043000000000000003,2.7,96.47,26,1010,N/A
2015,6,12,4,30,0,0,24,0.043000000000000003,2.6,96.36,25,1010,N/A
2015,6,12,5,30,0,0,24,0.043000000000000003,2.5,95.84,25,1010,N/A
2015,6,12,6,30,0,0,24,0.043000000000000003,2.4000000000000004,95.17,25,1010,N/A
2015,6,12,7,30,0,0,24,0.043000000000000003,2.3000000000000003,94.42,25,1010,N/A
2015,6,12,8,30,0,0,23,0.043000000000000003,2.1,99.4,25,1010,N/A
2015,6,12,9,30,0,0,23,0.043000000000000003,1.8,98.51,24,1010,N/A
2015,6,12,10,30,0,0,23,0.043000000000000003,1.5,97.52,24,1010,N/A
2015,6,12,11,30,60,5,23,0.043000000000000003,1.7000000000000002,92.46000000000001,25,1010,N/A
2015,6,12,12,30,157,104,23,0.043000000000000003,2.2,93.9,25,1010,N/A
2015,6,12,13,30,198,12,24,0.043000000000000003,2.7,89.01,26,1020,N/A
2015,6,12,14,30,356,191,23,0.043000000000000003,2.9000000000000004,82.58,27,1020,N/A
2015,6,12,15,30,422,273,23,0.043000000000000003,2.9000000000000004,77.02,28,1020,N/A
2015,6,12,16,30,464,319,23,0.043000000000000003,2.8000000000000003,76.28,29,1020,N/A
2015,6,12,17,30,452,363,23,0.043000000000000003,2.8000000000000003,70.88,29,1020,N/A
2015,6,12,18,30,408,442,22,0.043000000000000003,2.8000000000000003,65.91,30,1010,N/A
2015,6,12,19,30,406,330,22,0.043000000000000003,2.9000000000000004,65.25,30,1010,N/A
2015,6,12,20,30,347,88,22,0.043000000000000003,3,66.11,30,1010,N/A
2015,6,12,21,30,14,0,22,0.043000000000000003,3.1,69.82000000000001,29,1010,N/A
2015,6,12,22,30,67,0,22,0.043000000000000003,2.9000000000000004,74.17,28,1010,N/A
2015,6,12,23,30,30,0,23,0.043000000000000003,2.7,80.66,27,1010,N/A
2015,6,13,0,30,0,0,23,0.043000000000000003,3,86.75,26,1020,N/A
2015,6,13,1,30,0,0,23,0.043000000000000003,3.2,88.63,26,1020,N/A
2015,6,13,2,30,0,0,24,0.043000000000000003,3.2,95.48,25,1020,N/A
2015,6,13,3,30,0,0,24,0.043000000000000003,3,96.39,25,1020,N/A
2015,6,13,4,30,0,0,24,0.043000000000000003,2.9000000000000004,96.73,25,1010,N/A
2015,6,13,5,30,0,0,24,0.043000000000000003,2.9000000000000004,96.65,25,1010,N/A
2015,6,13,6,30,0,0,24,0.043000000000000003,2.9000000000000004,100,24,1010,N/A
2015,6,13,7,30,0,0,24,0.043000000000000003,3,100,24,1010,N/A
2015,6,13,8,30,0,0,24,0.043000000000000003,3.1,100,24,1010,N/A
2015,6,13,9,30,0,0,24,0.043000000000000003,3,100,24,1010,N/A
2015,6,13,10,30,0,0,24,0.043000000000000003,3,100,24,1010,N/A
2015,6,13,11,30,64,123,24,0.043000000000000003,3.2,97.76,25,1010,N/A
2015,6,13,12,30,137,14,24,0.043000000000000003,3.4000000000000004,99.66,25,1020,N/A
2015,6,13,13,30,250,75,24,0.043000000000000003,3.5,93.91,26,1020,N/A
2015,6,13,14,30,268,483,24,0.043000000000000003,3.5,85.86,27,1020,N/A
2015,6,13,15,30,386,372,24,0.043000000000000003,3.3000000000000003,79.17,28,1020,N/A
2015,6,13,16,30,425,382,23,0.043000000000000003,3.1,73.5,29,1020,N/A
2015,6,13,17,30,464,341,23,0.043000000000000003,3.1,72.36,30,1010,N/A
2015,6,13,18,30,451,338,23,0.043000000000000003,3.1,67.18,30,1010,N/A
2015,6,13,19,30,402,341,23,0.043000000000000003,3.2,66.4,30,1010,N/A
2015,6,13,20,30,131,764,22,0.043000000000000003,3.1,66.17,30,1010,N/A
2015,6,13,21,30,205,452,23,0.043000000000000003,3,66.54,30,1010,N/A
2015,6,13,22,30,158,160,23,0.043000000000000003,2.9000000000000004,71.83,29,1010,N/A
2015,6,13,23,30,64,23,23,0.043000000000000003,2.8000000000000003,76.91,28,1010,N/A
2015,6,14,0,30,0,0,23,0.043000000000000003,3,75.98,28,1010,N/A
2015,6,14,1,30,0,0,23,0.043000000000000003,3.4000000000000004,80.95,27,1010,N/A
2015,6,14,2,30,0,0,23,0.043000000000000003,3.6,81.94,27,1010,N/A
2015,6,14,3,30,0,0,23,0.043000000000000003,3.6,88.03,26,1010,N/A
2015,6,14,4,30,0,0,24,0.043000000000000003,3.5,94.54,25,1010,N/A
2015,6,14,5,30,0,0,24,0.043000000000000003,3.3000000000000003,95.42,25,1010,N/A
2015,6,14,6,30,0,0,24,0.043000000000000003,3.2,95.93,25,1010,N/A
2015,6,14,7,30,0,0,24,0.043000000000000003,3.1,100,24,1010,N/A
2015,6,14,8,30,0,0,24,0.043000000000000003,3,100,24,1010,N/A
2015,6,14,9,30,0,0,24,0.043000000000000003,2.9000000000000004,100,24,1010,N/A
2015,6,14,10,30,0,0,24,0.043000000000000003,3.1,100,24,1010,N/A
2015,6,14,11,30,64,74,24,0.043000000000000003,3.5,97.08,25,1010,N/A
2015,6,14,12,30,157,116,24,0.043000000000000003,3.8000000000000003,92.44,26,1010,N/A
2015,6,14,13,30,247,266,24,0.043000000000000003,3.9000000000000004,86.21000000000001,27,1010,N/A
2015,6,14,14,30,327,335,24,0.043000000000000003,3.8000000000000003,79.19,28,1010,N/A
2015,6,14,15,30,351,449,23,0.043000000000000003,3.7,72.63,29,1010,N/A
2015,6,14,16,30,435,364,23,0.043000000000000003,3.5,66.56,30,1010,N/A
2015,6,14,17,30,445,375,22,0.043000000000000003,3.4000000000000004,64.95,30,1010,N/A
2015,6,14,18,30,409,446,22,0.043000000000000003,3.3000000000000003,60.28,31,1010,N/A
2015,6,14,19,30,131,817,22,0.043000000000000003,3.2,60.230000000000004,31,1010,N/A
2015,6,14,20,30,126,769,22,0.043000000000000003,3.1,60.96,31,1010,N/A
2015,6,14,21,30,241,309,22,0.043000000000000003,3.1,65.42,30,1010,N/A
2015,6,14,22,30,121,436,23,0.043000000000000003,3,66.45,30,1010,N/A
2015,6,14,23,30,43,0,23,0.043000000000000003,2.8000000000000003,72.48,29,1010,N/A
2015,6,15,0,30,0,0,23,0.043000000000000003,2.8000000000000003,76.5,28,1010,N/A
2015,6,15,1,30,0,0,23,0.043000000000000003,3,82.17,27,1010,N/A
2015,6,15,2,30,0,0,24,0.043000000000000003,3.1,83.82000000000001,27,1010,N/A
2015,6,15,3,30,0,0,24,0.043000000000000003,3.1,90.03,26,1010,N/A
2015,6,15,4,30,0,0,24,0.043000000000000003,3.1,96.16,26,1010,N/A
2015,6,15,5,30,0,0,24,0.043000000000000003,3.1,96.12,25,1010,N/A
2015,6,15,6,30,0,0,24,0.043000000000000003,3,95.79,25,1010,N/A
2015,6,15,7,30,0,0,24,0.043000000000000003,2.9000000000000004,100,25,1010,N/A
2015,6,15,8,30,0,0,24,0.043000000000000003,2.7,100,24,1010,N/A
2015,6,15,9,30,0,0,24,0.043000000000000003,2.5,100,24,1010,N/A
2015,6,15,10,30,0,0,24,0.043000000000000003,2.8000000000000003,100,24,1010,N/A
2015,6,15,11,30,48,406,24,0.043000000000000003,3.3000000000000003,96.5,25,1010,N/A
2015,6,15,12,30,74,646,24,0.043000000000000003,3.4000000000000004,85.60000000000001,27,1010,N/A
2015,6,15,13,30,89,765,23,0.043000000000000003,3.4000000000000004,77.76,28,1010,N/A
2015,6,15,14,30,99,829,23,0.043000000000000003,3.1,71.28,29,1010,N/A
2015,6,15,15,30,110,859,22,0.043000000000000003,2.8000000000000003,66.07000000000001,30,1010,N/A
2015,6,15,16,30,118,871,22,0.043000000000000003,2.6,61.49,31,1010,N/A
2015,6,15,17,30,125,869,22,0.043000000000000003,2.3000000000000003,57.47,32,1010,N/A
2015,6,15,18,30,130,851,22,0.043000000000000003,1.9000000000000001,58.51,32,1010,N/A
2015,6,15,19,30,132,817,23,0.043000000000000003,1.7000000000000002,59.81,32,1010,N/A
2015,6,15,20,30,323,355,23,0.043000000000000003,1.5,63.38,31,1010,N/A
2015,6,15,21,30,176,4,23,0.043000000000000003,1.5,66.6,30,1010,N/A
2015,6,15,22,30,113,0,22,0.043000000000000003,1.4000000000000001,69.68,29,1010,N/A
2015,6,15,23,30,56,0,23,0.043000000000000003,1.2000000000000002,75.33,28,1010,N/A
2015,6,16,0,30,0,0,23,0.043000000000000003,1.2000000000000002,81.28,27,1010,N/A
2015,6,16,1,30,0,0,23,0.043000000000000003,1.1,82.3,27,1010,N/A
2015,6,16,2,30,0,0,23,0.043000000000000003,1,88.05,26,1010,N/A
2015,6,16,3,30,0,0,23,0.043000000000000003,0.8,87.87,26,1010,N/A
2015,6,16,4,30,0,0,23,0.043000000000000003,0.6000000000000001,87.4,26,1010,N/A
2015,6,16,5,30,0,0,23,0.043000000000000003,0.4,86.75,26,1010,N/A
2015,6,16,6,30,0,0,23,0.043000000000000003,0.5,86.46000000000001,26,1010,N/A
2015,6,16,7,30,0,0,23,0.043000000000000003,0.8,91.79,26,1010,N/A
2015,6,16,8,30,0,0,23,0.043000000000000003,1,92,25,1010,N/A
2015,6,16,9,30,0,0,23,0.043000000000000003,1.1,92.26,25,1010,N/A
2015,6,16,10,30,0,0,23,0.043000000000000003,1.4000000000000001,92.63,25,1010,N/A
2015,6,16,11,30,55,344,24,0.043000000000000003,1.7000000000000002,89.88,26,1020,N/A
2015,6,16,12,30,90,583,24,0.043000000000000003,2,84.56,27,1020,N/A
2015,6,16,13,30,112,704,23,0.043000000000000003,2.1,77.42,28,1020,N/A
2015,6,16,14,30,128,771,23,0.043000000000000003,2.1,72.07000000000001,29,1020,N/A
2015,6,16,15,30,140,808,23,0.043000000000000003,2,67.59,30,1020,N/A
2015,6,16,16,30,148,827,23,0.043000000000000003,1.6,63.07,31,1020,N/A
2015,6,16,17,30,153,829,22,0.043000000000000003,1.2000000000000002,58.52,32,1010,N/A
2015,6,16,18,30,142,834,22,0.043000000000000003,0.8,58.08,32,1010,N/A
2015,6,16,19,30,141,804,22,0.043000000000000003,0.5,58.550000000000004,32,1010,N/A
2015,6,16,20,30,136,752,23,0.043000000000000003,0.6000000000000001,63.03,32,1010,N/A
2015,6,16,21,30,126,666,23,0.043000000000000003,0.9,63.84,31,1010,N/A
2015,6,16,22,30,159,162,23,0.043000000000000003,1.2000000000000002,68.57000000000001,30,1010,N/A
2015,6,16,23,30,62,303,23,0.043000000000000003,1.6,74.43,29,1010,N/A
2015,6,17,0,30,0,0,24,0.043000000000000003,1.8,81.59,28,1010,N/A
2015,6,17,1,30,0,0,24,0.043000000000000003,1.9000000000000001,87.57000000000001,27,1010,N/A
2015,6,17,2,30,0,0,24,0.043000000000000003,1.8,88.61,27,1010,N/A
2015,6,17,3,30,0,0,25,0.043000000000000003,1.7000000000000002,88.99,27,1010,N/A
2015,6,17,4,30,0,0,25,0.043000000000000003,1.6,88.97,27,1010,N/A
2015,6,17,5,30,0,0,24,0.043000000000000003,1.6,94.17,26,1010,N/A
2015,6,17,6,30,0,0,24,0.043000000000000003,1.6,94.02,26,1010,N/A
2015,6,17,7,30,0,0,24,0.043000000000000003,1.6,93.97,26,1010,N/A
2015,6,17,8,30,0,0,24,0.043000000000000003,1.7000000000000002,93.97,26,1010,N/A
2015,6,17,9,30,0,0,24,0.043000000000000003,1.6,99.36,26,1010,N/A
2015,6,17,10,30,0,0,24,0.043000000000000003,1.8,98.82000000000001,26,1010,N/A
2015,6,17,11,30,55,339,24,0.043000000000000003,1.9000000000000001,94.04,26,1010,N/A
2015,6,17,12,30,89,582,24,0.043000000000000003,1.9000000000000001,88.18,28,1010,N/A
2015,6,17,13,30,109,706,24,0.043000000000000003,2.1,76.17,29,1010,N/A
2015,6,17,14,30,123,777,23,0.043000000000000003,2.2,69.96000000000001,30,1010,N/A
2015,6,17,15,30,129,823,23,0.043000000000000003,2,64.82000000000001,31,1010,N/A
2015,6,17,16,30,135,844,23,0.043000000000000003,1.5,63.57,31,1010,N/A
2015,6,17,17,30,138,850,22,0.043000000000000003,1,58.7,32,1010,N/A
2015,6,17,18,30,139,838,22,0.043000000000000003,0.5,54.480000000000004,33,1010,N/A
2015,6,17,19,30,137,812,22,0.043000000000000003,0.4,54.67,33,1010,N/A
2015,6,17,20,30,130,767,22,0.043000000000000003,0.6000000000000001,58.550000000000004,32,1010,N/A
2015,6,17,21,30,118,689,23,0.043000000000000003,1,62.6,31,1010,N/A
2015,6,17,22,30,98,559,23,0.043000000000000003,1.2000000000000002,67.85,31,1010,N/A
2015,6,17,23,30,59,329,24,0.043000000000000003,1.5,74.48,30,1010,N/A
2015,6,18,0,30,0,0,24,0.045,1.7000000000000002,81.86,28,1010,N/A
2015,6,18,1,30,0,0,25,0.045,1.8,84.45,28,1010,N/A
2015,6,18,2,30,0,0,25,0.045,1.7000000000000002,91.93,27,1010,N/A
2015,6,18,3,30,0,0,25,0.045,1.6,92.5,27,1010,N/A
2015,6,18,4,30,0,0,25,0.045,1.5,91.87,27,1010,N/A
2015,6,18,5,30,0,0,25,0.045,1.5,91.08,27,1010,N/A
2015,6,18,6,30,0,0,25,0.045,1.5,90.26,27,1010,N/A
2015,6,18,7,30,0,0,25,0.045,1.5,95.04,27,1010,N/A
2015,6,18,8,30,0,0,25,0.045,1.6,94.58,26,1010,N/A
2015,6,18,9,30,0,0,25,0.045,1.6,94.53,26,1010,N/A
2015,6,18,10,30,0,0,25,0.045,1.9000000000000001,94.99,26,1010,N/A
2015,6,18,11,30,55,333,25,0.045,2.3000000000000003,91.65,27,1010,N/A
2015,6,18,12,30,91,571,25,0.045,2.6,86.95,28,1010,N/A
2015,6,18,13,30,113,695,25,0.045,2.5,79.81,29,1010,N/A
2015,6,18,14,30,129,764,24,0.045,2.1,72.82000000000001,30,1010,N/A
2015,6,18,15,30,141,801,24,0.045,1.5,67.1,31,1010,N/A
2015,6,18,16,30,151,818,23,0.045,0.9,65.74,31,1010,N/A
2015,6,18,17,30,218,10,23,0.045,0.4,64.96000000000001,32,1010,N/A
2015,6,18,18,30,478,101,23,0.045,0.5,61.24,32,1010,N/A
2015,6,18,19,30,407,329,23,0.045,1.2000000000000002,65.5,31,1010,N/A
2015,6,18,20,30,311,39,24,0.045,1.8,66.65,31,1010,N/A
2015,6,18,21,30,128,0,24,0.045,2.2,71.83,30,1010,N/A
2015,6,18,22,30,117,0,24,0.045,2.4000000000000004,77.49,30,1010,N/A
2015,6,18,23,30,63,293,24,0.045,2.3000000000000003,83.60000000000001,29,1010,N/A
2015,6,19,0,30,0,0,25,0.045,2.3000000000000003,85.28,28,1010,N/A
2015,6,19,1,30,0,0,25,0.045,2.4000000000000004,91.78,28,1010,N/A
2015,6,19,2,30,0,0,25,0.045,2.2,92.61,27,1010,N/A
2015,6,19,3,30,0,0,25,0.045,1.9000000000000001,92.06,27,1010,N/A
2015,6,19,4,30,0,0,25,0.045,1.5,90.86,27,1010,N/A
2015,6,19,5,30,0,0,25,0.045,1.2000000000000002,89.72,27,1010,N/A
2015,6,19,6,30,0,0,24,0.045,1.1,88.67,27,1010,N/A
2015,6,19,7,30,0,0,24,0.045,0.9,92.97,27,1010,N/A
2015,6,19,8,30,0,0,24,0.045,0.7000000000000001,92.09,27,1010,N/A
2015,6,19,9,30,0,0,24,0.045,0.5,91.74,26,1010,N/A
2015,6,19,10,30,0,0,24,0.045,0.4,91.88,26,1010,N/A
2015,6,19,11,30,57,311,25,0.045,0.5,89.09,27,1010,N/A
2015,6,19,12,30,96,550,24,0.045,0.7000000000000001,83,28,1010,N/A
2015,6,19,13,30,175,4,24,0.045,0.8,75.85000000000001,29,1020,N/A
2015,6,19,14,30,241,557,24,0.045,0.9,71.07000000000001,30,1010,N/A
2015,6,19,15,30,235,10,24,0.045,1,71.28,30,1010,N/A
2015,6,19,16,30,143,828,24,0.045,1.2000000000000002,67.34,31,1010,N/A
2015,6,19,17,30,507,180,24,0.045,1.4000000000000001,67.43,31,1010,N/A
2015,6,19,18,30,168,791,24,0.045,1.5,67.88,31,1010,N/A
2015,6,19,19,30,438,143,24,0.045,1.7000000000000002,68.35000000000001,31,1010,N/A
2015,6,19,20,30,110,0,24,0.045,1.8,68.72,31,1010,N/A
2015,6,19,21,30,74,0,24,0.045,1.9000000000000001,72.88,30,1010,N/A
2015,6,19,22,30,151,38,24,0.045,1.8,73.5,30,1010,N/A
2015,6,19,23,30,69,186,24,0.045,1.6,78.05,29,1010,N/A
2015,6,20,0,30,0,0,24,0.045,1.5,83.74,28,1010,N/A
2015,6,20,1,30,0,0,24,0.045,1.6,83.63,28,1010,N/A
2015,6,20,2,30,0,0,24,0.045,1.6,83.75,28,1010,N/A
2015,6,20,3,30,0,0,24,0.045,1.5,88.65,28,1010,N/A
2015,6,20,4,30,0,0,24,0.045,1.5,88.33,27,1010,N/A
2015,6,20,5,30,0,0,24,0.045,1.5,87.99,27,1010,N/A
2015,6,20,6,30,0,0,24,0.045,1.5,87.65,27,1010,N/A
2015,6,20,7,30,0,0,24,0.045,1.4000000000000001,87.16,27,1010,N/A
2015,6,20,8,30,0,0,24,0.045,1.3,86.51,27,1010,N/A
2015,6,20,9,30,0,0,24,0.045,1.2000000000000002,85.95,27,1010,N/A
2015,6,20,10,30,0,0,24,0.045,1.1,85.57000000000001,27,1010,N/A
2015,6,20,11,30,57,310,24,0.045,1.2000000000000002,87.39,27,1010,N/A
2015,6,20,12,30,96,552,24,0.045,1.2000000000000002,81.74,28,1010,N/A
2015,6,20,13,30,184,7,24,0.045,1,75.13,29,1020,N/A
2015,6,20,14,30,134,752,23,0.045,0.8,74.31,30,1020,N/A
2015,6,20,15,30,134,811,24,0.045,0.8,70.41,30,1020,N/A
2015,6,20,16,30,464,298,24,0.045,1,70.64,30,1010,N/A
2015,6,20,17,30,470,332,24,0.045,1.4000000000000001,67.06,31,1010,N/A
2015,6,20,18,30,410,427,24,0.045,1.8,67.8,31,1010,N/A
2015,6,20,19,30,427,260,24,0.045,2.1,72.52,30,1010,N/A
2015,6,20,20,30,98,0,24,0.045,2.3000000000000003,73.48,30,1010,N/A
2015,6,20,21,30,126,0,24,0.045,2.3000000000000003,78.48,30,1010,N/A
2015,6,20,22,30,118,0,24,0.045,2,78.18,29,1010,N/A
2015,6,20,23,30,30,0,24,0.045,1.6,82.03,28,1010,N/A
2015,6,21,0,30,0,0,24,0.045,1.2000000000000002,82.05,28,1010,N/A
2015,6,21,1,30,0,0,24,0.045,1.1,85.8,28,1010,N/A
2015,6,21,2,30,0,0,24,0.045,0.8,84.69,27,1010,N/A
2015,6,21,3,30,0,0,23,0.045,0.4,83.4,27,1010,N/A
2015,6,21,4,30,0,0,23,0.045,0.2,82.22,27,1010,N/A
2015,6,21,5,30,0,0,23,0.045,0.30000000000000004,81.55,27,1010,N/A
2015,6,21,6,30,0,0,23,0.045,0.5,85.91,26,1010,N/A
2015,6,21,7,30,0,0,23,0.045,0.7000000000000001,85.21000000000001,26,1010,N/A
2015,6,21,8,30,0,0,23,0.045,0.8,84.59,26,1010,N/A
2015,6,21,9,30,0,0,23,0.045,0.9,84.36,26,1010,N/A
2015,6,21,10,30,0,0,23,0.045,1,84.61,26,1010,N/A
2015,6,21,11,30,51,362,23,0.045,1.2000000000000002,83.17,27,1010,N/A
2015,6,21,12,30,82,607,23,0.045,1.5,78.04,28,1020,N/A
2015,6,21,13,30,257,165,23,0.045,1.7000000000000002,71.05,29,1020,N/A
2015,6,21,14,30,242,552,23,0.045,1.7000000000000002,70.26,30,1020,N/A
2015,6,21,15,30,433,197,23,0.045,1.6,66.28,30,1020,N/A
2015,6,21,16,30,461,308,23,0.045,1.6,62.61,31,1010,N/A
2015,6,21,17,30,119,876,22,0.045,1.6,62.440000000000005,32,1010,N/A
2015,6,21,18,30,121,866,23,0.045,1.8,59.19,32,1010,N/A
2015,6,21,19,30,412,315,23,0.045,1.9000000000000001,59.25,32,1010,N/A
2015,6,21,20,30,254,534,23,0.045,2,59.58,32,1010,N/A
2015,6,21,21,30,151,614,23,0.045,2.1,62.95,31,1010,N/A
2015,6,21,22,30,82,623,23,0.045,2,67.52,31,1010,N/A
2015,6,21,23,30,53,393,23,0.045,1.9000000000000001,72.17,30,1010,N/A
2015,6,22,0,30,0,0,23,0.045,1.8,78.33,29,1010,N/A
2015,6,22,1,30,0,0,23,0.045,1.9000000000000001,78.56,28,1010,N/A
2015,6,22,2,30,0,0,24,0.045,2,79.77,28,1010,N/A
2015,6,22,3,30,0,0,24,0.045,1.9000000000000001,80.94,28,1010,N/A
2015,6,22,4,30,0,0,24,0.045,1.8,86.66,27,1010,N/A
2015,6,22,5,30,0,0,24,0.045,1.6,87.07000000000001,27,1010,N/A
2015,6,22,6,30,0,0,24,0.045,1.4000000000000001,87.14,27,1010,N/A
2015,6,22,7,30,0,0,24,0.045,1.2000000000000002,87.07000000000001,27,1010,N/A
2015,6,22,8,30,0,0,24,0.045,1.2000000000000002,87.06,27,1010,N/A
2015,6,22,9,30,0,0,24,0.045,1.1,92.43,26,1010,N/A
2015,6,22,10,30,0,0,24,0.045,1.2000000000000002,92.59,26,1010,N/A
2015,6,22,11,30,35,0,25,0.045,1.4000000000000001,89.10000000000001,27,1010,N/A
2015,6,22,12,30,11,0,24,0.045,1.5,88.77,27,1010,N/A
2015,6,22,13,30,78,0,24,0.045,1.4000000000000001,80.55,28,1010,N/A
2015,6,22,14,30,170,3,23,0.045,1.3,73.57000000000001,29,1010,N/A
2015,6,22,15,30,431,127,23,0.045,1.2000000000000002,68.93,30,1010,N/A
2015,6,22,16,30,467,289,23,0.045,1,68.58,31,1010,N/A
2015,6,22,17,30,484,295,23,0.045,0.9,64.25,31,1010,N/A
2015,6,22,18,30,410,430,23,0.045,0.9,63.81,31,1010,N/A
2015,6,22,19,30,406,335,23,0.045,1,63.49,31,1010,N/A
2015,6,22,20,30,263,507,23,0.045,1.2000000000000002,63.42,31,1010,N/A
2015,6,22,21,30,211,441,23,0.045,1.3,63.89,31,1010,N/A
2015,6,22,22,30,140,344,23,0.045,1.5,68.95,30,1010,N/A
2015,6,22,23,30,67,29,24,0.045,1.6,74.55,29,1010,N/A
2015,6,23,0,30,0,0,24,0.045,1.8,82.22,28,1010,N/A
2015,6,23,1,30,0,0,24,0.045,2,82.86,28,1010,N/A
2015,6,23,2,30,0,0,25,0.045,2,83.85000000000001,28,1020,N/A
2015,6,23,3,30,0,0,24,0.045,1.8,83.57000000000001,28,1020,N/A
2015,6,23,4,30,0,0,24,0.045,1.6,87.47,27,1020,N/A
2015,6,23,5,30,0,0,24,0.045,1.5,86.57000000000001,27,1010,N/A
2015,6,23,6,30,0,0,24,0.045,1.5,86.01,27,1010,N/A
2015,6,23,7,30,0,0,24,0.045,1.6,91.18,27,1010,N/A
2015,6,23,8,30,0,0,24,0.045,1.8,91.79,26,1010,N/A
2015,6,23,9,30,0,0,24,0.045,1.9000000000000001,92.98,26,1010,N/A
2015,6,23,10,30,0,0,25,0.045,2,94.33,26,1020,N/A
2015,6,23,11,30,57,240,25,0.045,2.2,91.36,27,1020,N/A
2015,6,23,12,30,153,159,25,0.045,2.1,92.63,27,1020,N/A
2015,6,23,13,30,202,447,25,0.045,1.8,86.64,28,1020,N/A
2015,6,23,14,30,334,296,25,0.045,1.3,84.78,28,1020,N/A
2015,6,23,15,30,395,353,24,0.045,0.9,78.57000000000001,29,1020,N/A
2015,6,23,16,30,427,376,24,0.045,0.6000000000000001,72.77,30,1020,N/A
2015,6,23,17,30,466,338,24,0.045,0.6000000000000001,70.86,30,1020,N/A
2015,6,23,18,30,490,173,23,0.045,0.8,65.6,31,1010,N/A
2015,6,23,19,30,406,335,23,0.045,0.9,64.91,31,1010,N/A
2015,6,23,20,30,260,518,23,0.045,0.9,64.67,31,1010,N/A
2015,6,23,21,30,245,307,23,0.045,0.7000000000000001,68.65,30,1010,N/A
2015,6,23,22,30,15,0,23,0.045,0.4,69.53,30,1010,N/A
2015,6,23,23,30,50,0,23,0.045,0.2,73.25,29,1010,N/A
2015,6,24,0,30,0,0,23,0.045,0.1,78.79,29,1010,N/A
2015,6,24,1,30,0,0,23,0.045,0.2,78.42,28,1020,N/A
2015,6,24,2,30,0,0,23,0.045,0.30000000000000004,83.55,28,1020,N/A
2015,6,24,3,30,0,0,24,0.045,0.4,84.16,27,1020,N/A
2015,6,24,4,30,0,0,24,0.045,0.6000000000000001,89.53,27,1020,N/A
2015,6,24,5,30,0,0,24,0.045,0.8,89.81,26,1010,N/A
2015,6,24,6,30,0,0,24,0.045,1,90.21000000000001,26,1010,N/A
2015,6,24,7,30,0,0,24,0.045,1.1,96.17,26,1010,N/A
2015,6,24,8,30,0,0,24,0.045,1.1,96.38,25,1010,N/A
2015,6,24,9,30,0,0,24,0.045,1,95.97,25,1010,N/A
2015,6,24,10,30,0,0,24,0.045,1.1,95.5,25,1020,N/A
2015,6,24,11,30,52,347,24,0.045,1.2000000000000002,91.98,26,1020,N/A
2015,6,24,12,30,84,593,24,0.045,1.1,86.9,27,1020,N/A
2015,6,24,13,30,102,717,24,0.045,1,85.26,28,1020,N/A
2015,6,24,14,30,115,787,24,0.045,1,79.01,28,1020,N/A
2015,6,24,15,30,114,842,23,0.045,1.1,73.95,29,1020,N/A
2015,6,24,16,30,120,860,23,0.045,1.4000000000000001,70.22,30,1020,N/A
2015,6,24,17,30,437,389,24,0.045,1.8,70.88,30,1020,N/A
2015,6,24,18,30,489,140,24,0.045,2.1,71.87,30,1010,N/A
2015,6,24,19,30,379,390,24,0.045,2.2,72.66,30,1010,N/A
2015,6,24,20,30,276,472,24,0.045,2.2,73.3,30,1010,N/A
2015,6,24,21,30,251,278,24,0.045,2.2,78.11,29,1010,N/A
2015,6,24,22,30,140,346,25,0.045,2.1,79.06,29,1010,N/A
2015,6,24,23,30,59,307,24,0.045,1.8,83.60000000000001,28,1010,N/A
2015,6,25,0,30,0,0,25,0.045,1.7000000000000002,84.52,28,1020,N/A
2015,6,25,1,30,0,0,25,0.045,1.7000000000000002,88.89,27,1020,N/A
2015,6,25,2,30,0,0,24,0.045,1.6,88.60000000000001,27,1020,N/A
2015,6,25,3,30,0,0,24,0.045,1.4000000000000001,87.57000000000001,27,1020,N/A
2015,6,25,4,30,0,0,24,0.045,1.1,86.07000000000001,27,1020,N/A
2015,6,25,5,30,0,0,24,0.045,0.9,84.33,27,1010,N/A
2015,6,25,6,30,0,0,23,0.045,0.6000000000000001,82.59,27,1010,N/A
2015,6,25,7,30,0,0,23,0.045,0.5,85.96000000000001,26,1010,N/A
2015,6,25,8,30,0,0,23,0.045,0.6000000000000001,85.24,26,1010,N/A
2015,6,25,9,30,0,0,23,0.045,0.9,85.63,26,1010,N/A
2015,6,25,10,30,0,0,23,0.045,1.3,86.53,26,1010,N/A
2015,6,25,11,30,61,123,24,0.045,1.5,90.28,26,1010,N/A
2015,6,25,12,30,146,243,24,0.045,1.2000000000000002,85.3,27,1020,N/A
2015,6,25,13,30,238,291,23,0.045,0.7000000000000001,76.97,28,1020,N/A
2015,6,25,14,30,240,555,22,0.045,0.6000000000000001,70.06,29,1020,N/A
2015,6,25,15,30,118,840,22,0.045,1,66.01,30,1020,N/A
2015,6,25,16,30,126,855,23,0.045,1.5,62.95,31,1020,N/A
2015,6,25,17,30,133,854,23,0.045,1.9000000000000001,63.61,31,1010,N/A
2015,6,25,18,30,418,41,23,0.045,2.1,64.23,31,1010,N/A
2015,6,25,19,30,417,299,23,0.045,2.2,68.54,31,1010,N/A
2015,6,25,20,30,349,85,23,0.045,2,69.26,30,1010,N/A
2015,6,25,21,30,78,0,23,0.045,1.8,74.18,30,1010,N/A
2015,6,25,22,30,40,0,23,0.045,1.5,73.49,29,1010,N/A
2015,6,25,23,30,42,0,23,0.045,1.2000000000000002,77.56,28,1010,N/A
2015,6,26,0,30,0,0,24,0.045,0.9,84.5,27,1010,N/A
2015,6,26,1,30,0,0,24,0.045,0.9,84.27,27,1010,N/A
2015,6,26,2,30,0,0,23,0.045,0.8,83.46000000000001,27,1010,N/A
2015,6,26,3,30,0,0,23,0.045,0.7000000000000001,87.39,26,1010,N/A
2015,6,26,4,30,0,0,23,0.045,0.9,86.56,26,1010,N/A
2015,6,26,5,30,0,0,23,0.045,1.3,86.89,26,1010,N/A
2015,6,26,6,30,0,0,23,0.045,1.7000000000000002,92.96000000000001,26,1010,N/A
2015,6,26,7,30,0,0,23,0.045,1.9000000000000001,93.91,25,1010,N/A
2015,6,26,8,30,0,0,24,0.045,1.9000000000000001,94.66,25,1010,N/A
2015,6,26,9,30,0,0,24,0.045,1.6,94.84,25,1010,N/A
2015,6,26,10,30,0,0,24,0.045,1.4000000000000001,94.46000000000001,25,1010,N/A
2015,6,26,11,30,54,315,24,0.045,1.1,90.31,26,1010,N/A
2015,6,26,12,30,91,562,23,0.045,0.4,83.03,27,1010,N/A
2015,6,26,13,30,113,689,23,0.045,0.30000000000000004,75.95,29,1010,N/A
2015,6,26,14,30,129,760,23,0.045,0.6000000000000001,71.02,30,1010,N/A
2015,6,26,15,30,427,112,23,0.045,0.9,67.15,30,1010,N/A
2015,6,26,16,30,487,180,23,0.045,1.3,63.74,31,1010,N/A
2015,6,26,17,30,506,181,23,0.045,1.8,64.4,31,1010,N/A
2015,6,26,18,30,491,172,23,0.045,2.3000000000000003,65.14,31,1010,N/A
2015,6,26,19,30,161,770,23,0.045,2.6,65.71000000000001,31,1010,N/A
2015,6,26,20,30,331,338,23,0.045,2.8000000000000003,70.14,30,1010,N/A
2015,6,26,21,30,129,664,23,0.045,2.8000000000000003,69.84,30,1010,N/A
2015,6,26,22,30,101,552,23,0.045,2.4000000000000004,73.82000000000001,29,1010,N/A
2015,6,26,23,30,61,336,23,0.045,1.9000000000000001,78.87,28,1010,N/A
2015,6,27,0,30,0,0,23,0.045,1.5,78.8,28,1010,N/A
2015,6,27,1,30,0,0,23,0.045,1.4000000000000001,78.08,28,1010,N/A
2015,6,27,2,30,0,0,23,0.045,1.4000000000000001,77.9,28,1010,N/A
2015,6,27,3,30,0,0,23,0.045,1.5,82.46000000000001,27,1010,N/A
2015,6,27,4,30,0,0,23,0.045,1.7000000000000002,82.47,27,1010,N/A
2015,6,27,5,30,0,0,23,0.045,1.8,82.59,27,1010,N/A
2015,6,27,6,30,0,0,23,0.045,1.9000000000000001,82.71000000000001,27,1010,N/A
2015,6,27,7,30,0,0,23,0.045,2,82.86,27,1010,N/A
2015,6,27,8,30,0,0,23,0.045,2,82.99,27,1010,N/A
2015,6,27,9,30,0,0,23,0.045,2,83.09,27,1010,N/A
2015,6,27,10,30,0,0,23,0.045,2,83.38,27,1010,N/A
2015,6,27,11,30,52,340,24,0.045,2.4000000000000004,82.22,28,1010,N/A
2015,6,27,12,30,150,194,24,0.045,2.9000000000000004,76.38,29,1010,N/A
2015,6,27,13,30,231,323,24,0.045,3,75.17,29,1010,N/A
2015,6,27,14,30,118,783,24,0.045,3.1,70.31,30,1010,N/A
2015,6,27,15,30,386,367,23,0.045,3.1,70.02,30,1010,N/A
2015,6,27,16,30,130,851,23,0.045,3.1,65.98,31,1010,N/A
2015,6,27,17,30,133,858,23,0.045,3.3000000000000003,65.91,31,1010,N/A
2015,6,27,18,30,139,842,23,0.045,3.4000000000000004,65.84,31,1010,N/A
2015,6,27,19,30,136,819,23,0.045,3.5,65.82000000000001,31,1010,N/A
2015,6,27,20,30,128,777,23,0.045,3.6,65.88,31,1010,N/A
2015,6,27,21,30,103,736,23,0.045,3.5,69.56,30,1010,N/A
2015,6,27,22,30,84,625,23,0.045,3.2,73.81,29,1010,N/A
2015,6,27,23,30,55,403,24,0.045,2.7,79.36,28,1010,N/A
2015,6,28,0,30,0,0,24,0.045,2.3000000000000003,79.81,28,1010,N/A
2015,6,28,1,30,0,0,24,0.045,2.2,79.83,28,1010,N/A
2015,6,28,2,30,0,0,24,0.045,2.2,84.82000000000001,27,1010,N/A
2015,6,28,3,30,0,0,24,0.045,2.1,84.94,27,1010,N/A
2015,6,28,4,30,0,0,24,0.045,2.1,85,27,1010,N/A
2015,6,28,5,30,0,0,24,0.045,2.2,85.01,27,1010,N/A
2015,6,28,6,30,0,0,24,0.045,2.2,90.06,27,1010,N/A
2015,6,28,7,30,0,0,24,0.045,2.2,89.84,26,1010,N/A
2015,6,28,8,30,0,0,24,0.045,2.1,89.53,26,1010,N/A
2015,6,28,9,30,0,0,24,0.045,2,89.17,26,1010,N/A
2015,6,28,10,30,0,0,24,0.045,2.1,89.10000000000001,26,1010,N/A
2015,6,28,11,30,50,364,24,0.045,2.5,87.04,28,1010,N/A
2015,6,28,12,30,93,0,24,0.045,2.8000000000000003,80.19,29,1010,N/A
2015,6,28,13,30,249,216,23,0.045,3,74.04,29,1010,N/A
2015,6,28,14,30,183,4,23,0.045,3.2,69.09,30,1010,N/A
2015,6,28,15,30,129,0,23,0.045,3.5,68.77,30,1010,N/A
2015,6,28,16,30,122,871,23,0.045,3.9000000000000004,64.57000000000001,31,1010,N/A
2015,6,28,17,30,436,391,23,0.045,4.2,64.26,31,1010,N/A
2015,6,28,18,30,411,454,23,0.045,4.5,63.95,31,1010,N/A
2015,6,28,19,30,126,839,23,0.045,4.6000000000000005,63.79,31,1010,N/A
2015,6,28,20,30,118,797,23,0.045,4.6000000000000005,67.69,30,1010,N/A
2015,6,28,21,30,231,373,23,0.045,4.4,72.06,30,1010,N/A
2015,6,28,22,30,91,594,23,0.045,3.9000000000000004,72.95,29,1010,N/A
2015,6,28,23,30,67,227,23,0.045,3.1,78.91,28,1010,N/A
2015,6,29,0,30,0,0,24,0.045,2.5,80.32000000000001,28,1010,N/A
2015,6,29,1,30,0,0,24,0.045,2.1,86.17,27,1010,N/A
2015,6,29,2,30,0,0,24,0.045,1.9000000000000001,86.47,27,1010,N/A
2015,6,29,3,30,0,0,24,0.045,1.9000000000000001,86.36,27,1010,N/A
2015,6,29,4,30,0,0,24,0.045,1.9000000000000001,86.15,27,1010,N/A
2015,6,29,5,30,0,0,24,0.045,2,85.97,27,1010,N/A
2015,6,29,6,30,0,0,24,0.045,2.1,85.76,27,1010,N/A
2015,6,29,7,30,0,0,24,0.045,2.2,90.63,27,1010,N/A
2015,6,29,8,30,0,0,24,0.045,2.3000000000000003,90.17,27,1010,N/A
2015,6,29,9,30,0,0,24,0.045,2.2,89.86,27,1010,N/A
2015,6,29,10,30,0,0,24,0.045,2.2,89.93,27,1010,N/A
2015,6,29,11,30,51,333,24,0.045,2.5,87.43,27,1010,N/A
2015,6,29,12,30,142,253,24,0.045,3,83.4,28,1010,N/A
2015,6,29,13,30,105,704,24,0.045,3.4000000000000004,77.58,29,1010,N/A
2015,6,29,14,30,310,381,24,0.045,3.7,76.57000000000001,29,1010,N/A
2015,6,29,15,30,375,385,24,0.045,4,76.53,29,1010,N/A
2015,6,29,16,30,260,13,24,0.045,4.2,76.60000000000001,29,1010,N/A
2015,6,29,17,30,501,224,24,0.045,4.3,76.56,29,1010,N/A
2015,6,29,18,30,141,828,24,0.045,4.4,76.14,29,1010,N/A
2015,6,29,19,30,142,798,24,0.045,4.3,74.88,29,1010,N/A
2015,6,29,20,30,279,468,23,0.045,4,73.25,29,1010,N/A
2015,6,29,21,30,225,397,23,0.045,3.6,72,29,1010,N/A
2015,6,29,22,30,164,151,23,0.045,3.1,75.63,28,1010,N/A
2015,6,29,23,30,62,274,23,0.045,2.3000000000000003,81.04,27,1010,N/A
2015,6,30,0,30,0,0,23,0.045,1.9000000000000001,80.27,27,1010,N/A
2015,6,30,1,30,0,0,23,0.045,1.9000000000000001,79.21000000000001,27,1010,N/A
2015,6,30,2,30,0,0,23,0.045,1.9000000000000001,78.93,27,1010,N/A
2015,6,30,3,30,0,0,23,0.045,2,79.55,27,1010,N/A
2015,6,30,4,30,0,0,23,0.045,2.2,81.02,27,1010,N/A
2015,6,30,5,30,0,0,23,0.045,2.4000000000000004,82.36,27,1010,N/A
2015,6,30,6,30,0,0,23,0.045,2.5,88.66,27,1010,N/A
2015,6,30,7,30,0,0,24,0.045,2.6,89.75,26,1010,N/A
2015,6,30,8,30,0,0,24,0.045,2.6,90.34,26,1010,N/A
2015,6,30,9,30,0,0,24,0.045,2.5,90.36,26,1010,N/A
2015,6,30,10,30,0,0,24,0.045,2.3000000000000003,90.26,26,1010,N/A
2015,6,30,11,30,58,132,24,0.045,2.3000000000000003,87.57000000000001,27,1020,N/A
2015,6,30,12,30,146,346,25,0.045,2.4000000000000004,84.04,28,1020,N/A
2015,6,30,13,30,187,506,24,0.045,2.5,82.42,28,1020,N/A
2015,6,30,14,30,208,611,24,0.045,2.5,74.64,29,1020,N/A
2015,6,30,15,30,390,358,23,0.045,2.6,73.29,30,1020,N/A
2015,6,30,16,30,471,268,23,0.045,2.8000000000000003,68.79,30,1020,N/A
2015,6,30,17,30,219,731,23,0.045,3.1,68.26,30,1020,N/A
2015,6,30,18,30,188,764,23,0.045,3.3000000000000003,67.86,30,1010,N/A
2015,6,30,19,30,441,158,23,0.045,3.5,67.77,30,1010,N/A
2015,6,30,20,30,270,492,23,0.045,3.5,67.92,30,1010,N/A
2015,6,30,21,30,226,391,23,0.045,3.3000000000000003,72.45,29,1010,N/A
2015,6,30,22,30,24,0,23,0.045,2.8000000000000003,73.36,29,1010,N/A
2015,6,30,23,30,71,245,24,0.045,2.1,79.27,28,1010,N/A
2015,7,1,0,30,0,0,23,0.045,1.6,83.22,28,1010,N/A
2015,7,1,1,30,0,0,23,0.045,1.4000000000000001,82.73,27,1020,N/A
2015,7,1,2,30,0,0,23,0.045,1.3,82.61,27,1020,N/A
2015,7,1,3,30,0,0,23,0.045,1.3,82.39,27,1020,N/A
2015,7,1,4,30,0,0,23,0.045,1.4000000000000001,82.17,27,1010,N/A
2015,7,1,5,30,0,0,23,0.045,1.4000000000000001,81.86,27,1010,N/A
2015,7,1,6,30,0,0,23,0.045,1.4000000000000001,81.38,27,1010,N/A
2015,7,1,7,30,0,0,23,0.045,1.4000000000000001,80.88,27,1010,N/A
2015,7,1,8,30,0,0,23,0.045,1.4000000000000001,80.54,27,1010,N/A
2015,7,1,9,30,0,0,23,0.045,1.3,85.48,27,1020,N/A
2015,7,1,10,30,0,0,23,0.045,1.2000000000000002,86.15,27,1020,N/A
2015,7,1,11,30,58,252,24,0.045,1.2000000000000002,84.56,27,1020,N/A
2015,7,1,12,30,102,513,24,0.045,1.4000000000000001,80.91,28,1020,N/A
2015,7,1,13,30,127,653,24,0.045,1.5,74.98,29,1020,N/A
2015,7,1,14,30,193,5,23,0.045,1.7000000000000002,73.01,29,1020,N/A
2015,7,1,15,30,402,336,23,0.045,2,67.56,30,1020,N/A
2015,7,1,16,30,472,262,23,0.045,2.2,67.19,30,1020,N/A
2015,7,1,17,30,454,355,23,0.045,2.2,63.04,31,1020,N/A
2015,7,1,18,30,454,334,22,0.045,2.1,62.31,31,1020,N/A
2015,7,1,19,30,408,332,22,0.045,1.8,61.24,31,1010,N/A
2015,7,1,20,30,290,441,22,0.045,1.5,60.18,31,1010,N/A
2015,7,1,21,30,249,293,22,0.045,1.5,62.96,31,1010,N/A
2015,7,1,22,30,110,519,22,0.045,1.5,63.88,30,1010,N/A
2015,7,1,23,30,66,283,22,0.045,1.5,68.91,29,1020,N/A
2015,7,2,0,30,0,0,23,0.045,1.6,74.37,28,1020,N/A
2015,7,2,1,30,0,0,22,0.045,1.6,73.87,28,1020,N/A
2015,7,2,2,30,0,0,23,0.045,1.5,74.38,28,1020,N/A
2015,7,2,3,30,0,0,22,0.045,1.2000000000000002,74.23,28,1020,N/A
2015,7,2,4,30,0,0,22,0.045,0.8,78.04,28,1010,N/A
2015,7,2,5,30,0,0,22,0.045,0.5,77.3,27,1010,N/A
2015,7,2,6,30,0,0,22,0.045,0.4,77.21000000000001,27,1010,N/A
2015,7,2,7,30,0,0,22,0.045,0.6000000000000001,82.54,26,1010,N/A
2015,7,2,8,30,0,0,22,0.045,0.7000000000000001,83.36,26,1010,N/A
2015,7,2,9,30,0,0,23,0.045,0.8,83.93,26,1010,N/A
2015,7,2,10,30,0,0,23,0.045,0.9,84.49,26,1010,N/A
2015,7,2,11,30,52,294,23,0.045,1.1,87.99,26,1010,N/A
2015,7,2,12,30,92,548,24,0.045,1.2000000000000002,83.91,27,1010,N/A
2015,7,2,13,30,228,324,23,0.045,0.8,76.75,28,1020,N/A
2015,7,2,14,30,256,499,22,0.045,0.6000000000000001,69.8,29,1020,N/A
2015,7,2,15,30,420,98,22,0.045,0.9,64.58,30,1020,N/A
2015,7,2,16,30,466,284,22,0.045,1.4000000000000001,64.12,30,1020,N/A
2015,7,2,17,30,492,263,22,0.045,1.9000000000000001,60.56,31,1010,N/A
2015,7,2,18,30,415,408,22,0.045,2.3000000000000003,60.95,31,1010,N/A
2015,7,2,19,30,292,16,22,0.045,2.5,65.12,31,1010,N/A
2015,7,2,20,30,168,3,22,0.045,2.5,65.63,30,1010,N/A
2015,7,2,21,30,245,49,22,0.045,2.4000000000000004,65.83,30,1010,N/A
2015,7,2,22,30,157,238,23,0.045,2,70.27,29,1010,N/A
2015,7,2,23,30,72,116,23,0.045,1.6,75.11,28,1010,N/A
2015,7,3,0,30,0,0,23,0.045,1.2000000000000002,79,27,1010,N/A
2015,7,3,1,30,0,0,22,0.045,1.1,77.92,27,1010,N/A
2015,7,3,2,30,0,0,22,0.045,1.1,77.73,27,1010,N/A
2015,7,3,3,30,0,0,22,0.045,1.1,82.37,26,1010,N/A
2015,7,3,4,30,0,0,22,0.045,1.3,82.47,26,1010,N/A
2015,7,3,5,30,0,0,22,0.045,1.6,88.2,25,1010,N/A
2015,7,3,6,30,0,0,23,0.045,1.8,89.10000000000001,25,1010,N/A
2015,7,3,7,30,0,0,23,0.045,1.9000000000000001,90.11,25,1010,N/A
2015,7,3,8,30,0,0,23,0.045,1.9000000000000001,91.02,25,1010,N/A
2015,7,3,9,30,0,0,23,0.045,1.6,91.57000000000001,25,1010,N/A
2015,7,3,10,30,0,0,23,0.045,1.4000000000000001,91.5,25,1010,N/A
2015,7,3,11,30,56,263,23,0.045,1.2000000000000002,93.3,26,1010,N/A
2015,7,3,12,30,100,519,23,0.045,0.7000000000000001,82.69,27,1010,N/A
2015,7,3,13,30,125,659,22,0.045,0.30000000000000004,73.25,28,1010,N/A
2015,7,3,14,30,142,737,22,0.045,0.4,66.23,29,1010,N/A
2015,7,3,15,30,150,788,21,0.045,0.6000000000000001,61.83,30,1010,N/A
2015,7,3,16,30,158,810,21,0.045,0.6000000000000001,57.94,31,1010,N/A
2015,7,3,17,30,163,814,21,0.045,0.6000000000000001,57.5,31,1010,N/A
2015,7,3,18,30,181,777,21,0.045,0.8,54.22,32,1010,N/A
2015,7,3,19,30,416,307,21,0.045,1.1,54.61,32,1010,N/A
2015,7,3,20,30,278,21,22,0.045,1.3,58.84,31,1010,N/A
2015,7,3,21,30,72,0,21,0.045,1.2000000000000002,58.81,31,1010,N/A
2015,7,3,22,30,58,0,22,0.045,1,62.82,30,1010,N/A
2015,7,3,23,30,59,0,22,0.045,0.8,66.48,29,1010,N/A
2015,7,4,0,30,0,0,22,0.045,0.7000000000000001,72.62,28,1010,N/A
2015,7,4,1,30,0,0,22,0.045,0.5,72.71000000000001,28,1010,N/A
2015,7,4,2,30,0,0,22,0.045,0.5,77.79,27,1010,N/A
2015,7,4,3,30,0,0,23,0.045,0.7000000000000001,79.3,27,1010,N/A
2015,7,4,4,30,0,0,23,0.045,0.9,85.19,26,1010,N/A
2015,7,4,5,30,0,0,23,0.045,1,85.9,26,1010,N/A
2015,7,4,6,30,0,0,23,0.045,1,86.15,26,1010,N/A
2015,7,4,7,30,0,0,23,0.045,1,91.45,26,1010,N/A
2015,7,4,8,30,0,0,23,0.045,1,91.77,25,1010,N/A
2015,7,4,9,30,0,0,23,0.045,1,91.95,25,1010,N/A
2015,7,4,10,30,0,0,23,0.045,1.1,92.23,25,1010,N/A
2015,7,4,11,30,57,237,24,0.045,1.3,89.13,26,1010,N/A
2015,7,4,12,30,105,492,24,0.045,1.1,84.47,27,1010,N/A
2015,7,4,13,30,133,632,23,0.045,0.8,77.75,28,1020,N/A
2015,7,4,14,30,152,712,23,0.045,0.5,74.73,29,1020,N/A
2015,7,4,15,30,165,759,22,0.045,0.30000000000000004,68.7,29,1020,N/A
2015,7,4,16,30,174,783,22,0.045,0.5,63.65,30,1020,N/A
2015,7,4,17,30,178,789,22,0.045,0.9,59.42,31,1010,N/A
2015,7,4,18,30,141,834,22,0.045,1.3,59.28,31,1010,N/A
2015,7,4,19,30,140,807,22,0.045,1.6,59.47,31,1010,N/A
2015,7,4,20,30,135,760,22,0.045,1.7000000000000002,59.99,31,1010,N/A
2015,7,4,21,30,225,399,22,0.045,1.6,60.07,31,1010,N/A
2015,7,4,22,30,139,362,22,0.045,1.4000000000000001,64.1,30,1010,N/A
2015,7,4,23,30,71,203,22,0.045,1.3,67.33,29,1010,N/A
2015,7,5,0,30,0,0,22,0.045,1.3,73.44,28,1010,N/A
2015,7,5,1,30,0,0,22,0.045,1.4000000000000001,72.92,28,1010,N/A
2015,7,5,2,30,0,0,22,0.045,1.4000000000000001,77.39,27,1010,N/A
2015,7,5,3,30,0,0,22,0.045,1.5,77.2,27,1010,N/A
2015,7,5,4,30,0,0,22,0.045,1.7000000000000002,82.47,26,1010,N/A
2015,7,5,5,30,0,0,23,0.045,1.8,84.04,26,1010,N/A
2015,7,5,6,30,0,0,23,0.045,1.8,85.55,26,1010,N/A
2015,7,5,7,30,0,0,23,0.045,1.8,91.88,26,1010,N/A
2015,7,5,8,30,0,0,23,0.045,1.7000000000000002,92.54,25,1010,N/A
2015,7,5,9,30,0,0,23,0.045,1.5,92.9,25,1010,N/A
2015,7,5,10,30,0,0,23,0.045,1.6,93.18,25,1020,N/A
2015,7,5,11,30,56,258,24,0.045,1.7000000000000002,90.08,26,1020,N/A
2015,7,5,12,30,99,520,24,0.045,1.6,85.75,27,1020,N/A
2015,7,5,13,30,124,660,24,0.045,1.3,79.77,28,1020,N/A
2015,7,5,14,30,141,738,23,0.045,0.8,77.76,28,1020,N/A
2015,7,5,15,30,160,769,23,0.045,0.30000000000000004,72.06,29,1020,N/A
2015,7,5,16,30,170,790,23,0.045,0.30000000000000004,66.95,30,1020,N/A
2015,7,5,17,30,175,795,23,0.045,0.9,66.71000000000001,30,1020,N/A
2015,7,5,18,30,204,744,23,0.045,1.5,63.34,31,1020,N/A
2015,7,5,19,30,429,259,23,0.045,2,68.31,30,1020,N/A
2015,7,5,20,30,256,533,23,0.045,2.3000000000000003,70.28,30,1010,N/A
2015,7,5,21,30,193,9,24,0.045,2.4000000000000004,75.02,29,1020,N/A
2015,7,5,22,30,58,0,24,0.045,2.2,80.38,28,1020,N/A
2015,7,5,23,30,45,0,24,0.045,1.7000000000000002,86.86,27,1020,N/A
2015,7,6,0,30,0,0,24,0.045,1.4000000000000001,87.79,27,1020,N/A
2015,7,6,1,30,0,0,24,0.045,1.3,92.11,27,1020,N/A
2015,7,6,2,30,0,0,24,0.045,1.2000000000000002,91.11,26,1020,N/A
2015,7,6,3,30,0,0,24,0.045,1.2000000000000002,89.82000000000001,26,1020,N/A
2015,7,6,4,30,0,0,23,0.045,1.4000000000000001,94.08,25,1020,N/A
2015,7,6,5,30,0,0,23,0.045,1.8,93.38,25,1020,N/A
2015,7,6,6,30,0,0,23,0.045,2.2,93.09,25,1010,N/A
2015,7,6,7,30,0,0,23,0.045,2.7,93.09,25,1010,N/A
2015,7,6,8,30,0,0,23,0.045,2.6,99.05,25,1010,N/A
2015,7,6,9,30,0,0,23,0.045,2.1,98.84,25,1010,N/A
2015,7,6,10,30,0,0,23,0.045,1.8,98.46000000000001,25,1010,N/A
2015,7,6,11,30,54,19,23,0.045,1.5,94.13,25,1020,N/A
2015,7,6,12,30,145,184,24,0.045,0.9,88.83,26,1020,N/A
2015,7,6,13,30,229,314,23,0.045,0.7000000000000001,77.2,28,1020,N/A
2015,7,6,14,30,131,754,23,0.045,1,71.04,29,1020,N/A
2015,7,6,15,30,135,808,23,0.045,1.3,70.22,30,1020,N/A
2015,7,6,16,30,143,828,23,0.045,1.6,66.59,30,1020,N/A
2015,7,6,17,30,502,214,23,0.045,1.9000000000000001,66.9,30,1020,N/A
2015,7,6,18,30,320,17,23,0.045,2.2,67.38,30,1020,N/A
2015,7,6,19,30,425,88,23,0.045,2.4000000000000004,67.79,30,1020,N/A
2015,7,6,20,30,340,309,23,0.045,2.4000000000000004,71.5,29,1020,N/A
2015,7,6,21,30,216,20,23,0.045,2,71.38,29,1020,N/A
2015,7,6,22,30,160,62,23,0.045,1.5,70.46000000000001,29,1020,N/A
2015,7,6,23,30,66,8,22,0.045,0.9,73.74,28,1020,N/A
2015,7,7,0,30,0,0,22,0.045,0.5,73.01,28,1020,N/A
2015,7,7,1,30,0,0,22,0.045,0.5,71.60000000000001,28,1020,N/A
2015,7,7,2,30,0,0,22,0.045,0.8,76.88,27,1020,N/A
2015,7,7,3,30,0,0,22,0.045,1,82.93,27,1020,N/A
2015,7,7,4,30,0,0,23,0.045,1.1,83.65,26,1010,N/A
2015,7,7,5,30,0,0,23,0.045,1,84.02,26,1010,N/A
2015,7,7,6,30,0,0,23,0.045,1,89.37,26,1010,N/A
2015,7,7,7,30,0,0,23,0.045,1,89.74,25,1010,N/A
2015,7,7,8,30,0,0,23,0.045,1.1,90.41,25,1010,N/A
2015,7,7,9,30,0,0,23,0.045,1,90.58,25,1020,N/A
2015,7,7,10,30,0,0,23,0.045,0.9,90.03,25,1020,N/A
2015,7,7,11,30,59,209,23,0.045,0.6000000000000001,85.95,26,1020,N/A
2015,7,7,12,30,138,36,23,0.045,0.2,84.93,27,1020,N/A
2015,7,7,13,30,138,621,22,0.045,0.2,76.69,28,1020,N/A
2015,7,7,14,30,156,706,21,0.045,0.4,69.81,28,1020,N/A
2015,7,7,15,30,177,742,21,0.045,0.30000000000000004,64.4,29,1020,N/A
2015,7,7,16,30,183,772,21,0.045,0.2,60.24,30,1020,N/A
2015,7,7,17,30,389,27,21,0.045,0.30000000000000004,59.410000000000004,30,1020,N/A
2015,7,7,18,30,463,311,21,0.045,0.5,55.76,31,1020,N/A
2015,7,7,19,30,328,23,21,0.045,0.7000000000000001,55.96,31,1010,N/A
2015,7,7,20,30,118,0,21,0.045,0.8,59.86,30,1010,N/A
2015,7,7,21,30,72,0,21,0.045,0.8,60.7,30,1010,N/A
2015,7,7,22,30,91,0,21,0.045,0.6000000000000001,65.54,29,1010,N/A
2015,7,7,23,30,57,0,21,0.045,0.5,69.06,28,1010,N/A
2015,7,8,0,30,0,0,22,0.045,0.4,75.77,27,1020,N/A
2015,7,8,1,30,0,0,22,0.045,0.4,75.61,27,1020,N/A
2015,7,8,2,30,0,0,22,0.045,0.6000000000000001,80.51,26,1020,N/A
2015,7,8,3,30,0,0,22,0.045,0.7000000000000001,81.05,26,1020,N/A
2015,7,8,4,30,0,0,22,0.045,0.8,81.66,26,1020,N/A
2015,7,8,5,30,0,0,22,0.045,0.9,86.94,25,1020,N/A
2015,7,8,6,30,0,0,22,0.045,1,87.38,25,1020,N/A
2015,7,8,7,30,0,0,22,0.045,1.1,87.91,25,1020,N/A
2015,7,8,8,30,0,0,22,0.045,1.2000000000000002,88.37,25,1020,N/A
2015,7,8,9,30,0,0,23,0.045,1.2000000000000002,88.71000000000001,25,1020,N/A
2015,7,8,10,30,0,0,23,0.045,1.6,89.4,25,1020,N/A
2015,7,8,11,30,64,136,23,0.045,2,92.54,25,1020,N/A
2015,7,8,12,30,135,373,23,0.045,2.2,88.51,26,1020,N/A
2015,7,8,13,30,179,518,23,0.045,2.2,83.05,27,1020,N/A
2015,7,8,14,30,209,605,23,0.045,2.1,78.31,28,1020,N/A
2015,7,8,15,30,224,664,23,0.045,2,73.85000000000001,29,1020,N/A
2015,7,8,16,30,230,701,23,0.045,1.8,69.03,30,1020,N/A
2015,7,8,17,30,228,719,23,0.045,1.6,67.98,30,1020,N/A
2015,7,8,18,30,185,769,23,0.045,1.4000000000000001,66.56,30,1020,N/A
2015,7,8,19,30,178,745,22,0.045,1.2000000000000002,61.76,31,1010,N/A
2015,7,8,20,30,166,700,22,0.045,0.9,64.4,31,1010,N/A
2015,7,8,21,30,147,623,22,0.045,0.5,64.4,30,1010,N/A
2015,7,8,22,30,156,248,22,0.045,0.30000000000000004,68.78,30,1010,N/A
2015,7,8,23,30,72,248,22,0.045,0.30000000000000004,69.82000000000001,29,1010,N/A
2015,7,9,0,30,0,0,23,0.045,0.5,75.22,28,1020,N/A
2015,7,9,1,30,0,0,23,0.045,0.7000000000000001,76.59,28,1020,N/A
2015,7,9,2,30,0,0,23,0.045,0.8,81.64,27,1020,N/A
2015,7,9,3,30,0,0,23,0.045,0.9,81.97,27,1020,N/A
2015,7,9,4,30,0,0,23,0.045,1.1,86.81,26,1020,N/A
2015,7,9,5,30,0,0,23,0.045,1.4000000000000001,87.15,26,1020,N/A
2015,7,9,6,30,0,0,23,0.045,1.7000000000000002,93.21000000000001,26,1020,N/A
2015,7,9,7,30,0,0,23,0.045,1.9000000000000001,94.04,25,1020,N/A
2015,7,9,8,30,0,0,24,0.045,2,94.76,25,1020,N/A
2015,7,9,9,30,0,0,24,0.045,2,94.87,25,1020,N/A
2015,7,9,10,30,0,0,24,0.045,2.1,94.56,25,1020,N/A
2015,7,9,11,30,57,214,24,0.045,2.3000000000000003,91.05,26,1020,N/A
2015,7,9,12,30,106,492,24,0.045,2.2,86.08,27,1020,N/A
2015,7,9,13,30,132,643,23,0.045,2,77.58,28,1020,N/A
2015,7,9,14,30,149,729,23,0.045,1.9000000000000001,70.36,29,1020,N/A
2015,7,9,15,30,160,778,22,0.045,1.9000000000000001,64.85,30,1020,N/A
2015,7,9,16,30,167,802,22,0.045,1.9000000000000001,60.15,31,1020,N/A
2015,7,9,17,30,169,810,22,0.045,1.8,55.77,32,1020,N/A
2015,7,9,18,30,160,812,21,0.045,1.7000000000000002,54.7,32,1010,N/A
2015,7,9,19,30,155,787,21,0.045,1.4000000000000001,53.86,32,1010,N/A
2015,7,9,20,30,145,742,21,0.045,1.2000000000000002,53.52,32,1010,N/A
2015,7,9,21,30,214,437,21,0.045,1,56.64,32,1010,N/A
2015,7,9,22,30,153,38,21,0.045,0.9,58.17,31,1010,N/A
2015,7,9,23,30,63,258,22,0.045,0.6000000000000001,63.72,30,1010,N/A
2015,7,10,0,30,0,0,23,0.045,0.6000000000000001,70.14,29,1010,N/A
2015,7,10,1,30,0,0,23,0.045,0.8,75.71000000000001,28,1020,N/A
2015,7,10,2,30,0,0,23,0.045,1.1,82.63,28,1020,N/A
2015,7,10,3,30,0,0,24,0.045,1.4000000000000001,84.15,27,1020,N/A
2015,7,10,4,30,0,0,24,0.045,1.6,89.96000000000001,27,1020,N/A
2015,7,10,5,30,0,0,24,0.045,1.7000000000000002,90.41,26,1020,N/A
2015,7,10,6,30,0,0,24,0.045,1.7000000000000002,90.67,26,1010,N/A
2015,7,10,7,30,0,0,24,0.045,1.6,90.58,26,1010,N/A
2015,7,10,8,30,0,0,24,0.045,1.5,95.69,25,1010,N/A
2015,7,10,9,30,0,0,24,0.045,1.4000000000000001,95.35000000000001,25,1010,N/A
2015,7,10,10,30,0,0,24,0.045,1.5,95,25,1020,N/A
2015,7,10,11,30,48,308,24,0.045,1.7000000000000002,91.96000000000001,26,1020,N/A
2015,7,10,12,30,85,576,24,0.045,1.6,87.15,27,1020,N/A
2015,7,10,13,30,105,713,24,0.045,1.7000000000000002,78.97,29,1020,N/A
2015,7,10,14,30,117,793,23,0.045,1.9000000000000001,72.12,30,1020,N/A
2015,7,10,15,30,119,849,22,0.045,2,65.84,31,1020,N/A
2015,7,10,16,30,123,873,22,0.045,2,59.97,31,1020,N/A
2015,7,10,17,30,126,878,21,0.045,1.9000000000000001,54.85,32,1020,N/A
2015,7,10,18,30,134,858,21,0.045,1.6,50.550000000000004,33,1010,N/A
2015,7,10,19,30,409,339,21,0.045,1.4000000000000001,49.94,33,1010,N/A
2015,7,10,20,30,132,774,21,0.045,1.1,49.57,33,1010,N/A
2015,7,10,21,30,122,692,21,0.045,0.9,52.97,32,1010,N/A
2015,7,10,22,30,102,559,21,0.045,0.8,58.480000000000004,31,1010,N/A
2015,7,10,23,30,63,325,22,0.045,0.8,64.06,30,1010,N/A
2015,7,11,0,30,0,0,23,0.045,0.9,72.38,29,1010,N/A
2015,7,11,1,30,0,0,23,0.045,0.9,77.84,28,1010,N/A
2015,7,11,2,30,0,0,24,0.045,0.8,84.27,28,1020,N/A
2015,7,11,3,30,0,0,24,0.045,0.7000000000000001,84.9,27,1020,N/A
2015,7,11,4,30,0,0,24,0.045,0.8,84.72,27,1020,N/A
2015,7,11,5,30,0,0,24,0.045,0.9,89.64,26,1010,N/A
2015,7,11,6,30,0,0,24,0.045,1,89.72,26,1010,N/A
2015,7,11,7,30,0,0,24,0.045,0.9,89.84,26,1010,N/A
2015,7,11,8,30,0,0,24,0.045,0.8,89.77,26,1010,N/A
2015,7,11,9,30,0,0,24,0.045,0.5,89.17,26,1010,N/A
2015,7,11,10,30,0,0,23,0.045,0.30000000000000004,88.41,26,1020,N/A
2015,7,11,11,30,53,254,24,0.045,0.30000000000000004,90.53,27,1020,N/A
2015,7,11,12,30,99,515,24,0.045,0.9,81.68,28,1020,N/A
2015,7,11,13,30,127,650,23,0.045,1.7000000000000002,73.93,30,1020,N/A
2015,7,11,14,30,247,516,23,0.045,2.1,68.75,31,1020,N/A
2015,7,11,15,30,167,759,23,0.045,2.2,64.64,31,1020,N/A
2015,7,11,16,30,177,780,23,0.045,2.2,60.89,32,1020,N/A
2015,7,11,17,30,181,787,23,0.045,2.2,60.68,32,1010,N/A
2015,7,11,18,30,412,417,23,0.045,2.1,57.03,33,1010,N/A
2015,7,11,19,30,414,316,23,0.045,1.9000000000000001,56.65,33,1010,N/A
2015,7,11,20,30,86,0,23,0.045,1.7000000000000002,59.54,32,1010,N/A
2015,7,11,21,30,45,0,23,0.045,1.7000000000000002,59.57,32,1010,N/A
2015,7,11,22,30,17,0,23,0.045,1.7000000000000002,64.26,31,1010,N/A
2015,7,11,23,30,57,0,23,0.045,1.7000000000000002,68.55,30,1010,N/A
2015,7,12,0,30,0,0,24,0.045,1.7000000000000002,75.66,29,1010,N/A
2015,7,12,1,30,0,0,24,0.045,1.7000000000000002,81.8,28,1010,N/A
2015,7,12,2,30,0,0,24,0.045,1.6,83.13,28,1010,N/A
2015,7,12,3,30,0,0,24,0.045,1.4000000000000001,88.11,28,1010,N/A
2015,7,12,4,30,0,0,24,0.045,1.2000000000000002,87.3,27,1010,N/A
2015,7,12,5,30,0,0,24,0.045,0.9,86.29,27,1010,N/A
2015,7,12,6,30,0,0,24,0.045,0.6000000000000001,85.51,27,1010,N/A
2015,7,12,7,30,0,0,24,0.045,0.4,85.02,27,1010,N/A
2015,7,12,8,30,0,0,24,0.045,0.4,84.68,27,1010,N/A
2015,7,12,9,30,0,0,24,0.045,0.5,84.66,27,1010,N/A
2015,7,12,10,30,0,0,24,0.045,0.7000000000000001,85.09,27,1010,N/A
2015,7,12,11,30,56,194,24,0.045,0.9,87.7,27,1010,N/A
2015,7,12,12,30,111,450,25,0.045,1.3,84.86,28,1010,N/A
2015,7,12,13,30,80,0,24,0.045,1.5,79.04,29,1010,N/A
2015,7,12,14,30,60,0,24,0.045,1.6,74.22,30,1010,N/A
2015,7,12,15,30,250,12,24,0.045,1.5,74.11,30,1010,N/A
2015,7,12,16,30,453,318,24,0.045,1.4000000000000001,73.89,30,1010,N/A
2015,7,12,17,30,470,329,24,0.045,1.4000000000000001,73.88,30,1010,N/A
2015,7,12,18,30,465,304,24,0.045,1.3,73.76,30,1010,N/A
2015,7,12,19,30,300,17,24,0.045,1.3,73.46000000000001,30,1010,N/A
2015,7,12,20,30,277,21,24,0.045,1.2000000000000002,72.89,30,1010,N/A
2015,7,12,21,30,265,117,24,0.045,1.1,76.27,29,1010,N/A
2015,7,12,22,30,164,101,24,0.045,1.1,75.2,29,1010,N/A
2015,7,12,23,30,48,0,24,0.045,1,79.3,28,1010,N/A
2015,7,13,0,30,0,0,24,0.045,1,85.5,27,1010,N/A
2015,7,13,1,30,0,0,24,0.045,1.1,85.24,27,1010,N/A
2015,7,13,2,30,0,0,24,0.045,1,90.42,26,1010,N/A
2015,7,13,3,30,0,0,24,0.045,0.9,90.01,26,1010,N/A
2015,7,13,4,30,0,0,24,0.045,0.7000000000000001,89.24,26,1010,N/A
2015,7,13,5,30,0,0,24,0.045,0.5,88.78,26,1010,N/A
2015,7,13,6,30,0,0,23,0.045,0.30000000000000004,88.49,26,1010,N/A
2015,7,13,7,30,0,0,23,0.045,0.2,88.31,26,1010,N/A
2015,7,13,8,30,0,0,23,0.045,0.1,88.09,26,1010,N/A
2015,7,13,9,30,0,0,23,0.045,0.2,87.67,26,1010,N/A
2015,7,13,10,30,0,0,23,0.045,0.4,87.39,26,1010,N/A
2015,7,13,11,30,52,58,24,0.045,0.7000000000000001,90.03,26,1010,N/A
2015,7,13,12,30,133,269,24,0.045,1.2000000000000002,79.44,28,1010,N/A
2015,7,13,13,30,241,220,23,0.045,1.5,73.23,29,1010,N/A
2015,7,13,14,30,270,456,23,0.045,1.7000000000000002,71.34,30,1010,N/A
2015,7,13,15,30,135,808,23,0.045,2,67.68,30,1010,N/A
2015,7,13,16,30,142,830,23,0.045,2.2,64.46000000000001,31,1010,N/A
2015,7,13,17,30,147,834,23,0.045,2.5,64.82000000000001,31,1010,N/A
2015,7,13,18,30,489,201,23,0.045,2.7,65.18,31,1010,N/A
2015,7,13,19,30,441,193,23,0.045,2.8000000000000003,65.45,31,1010,N/A
2015,7,13,20,30,358,107,23,0.045,2.9000000000000004,69.57000000000001,30,1010,N/A
2015,7,13,21,30,256,258,23,0.045,2.8000000000000003,69.76,30,1010,N/A
2015,7,13,22,30,150,286,24,0.045,2.5,74.78,29,1010,N/A
2015,7,13,23,30,72,197,24,0.045,2,81.23,28,1010,N/A
2015,7,14,0,30,0,0,24,0.045,1.8,81.69,28,1010,N/A
2015,7,14,1,30,0,0,24,0.045,1.7000000000000002,82.60000000000001,28,1010,N/A
2015,7,14,2,30,0,0,24,0.045,1.6,88.42,27,1010,N/A
2015,7,14,3,30,0,0,25,0.045,1.5,88.84,27,1010,N/A
2015,7,14,4,30,0,0,25,0.045,1.5,89.09,27,1010,N/A
2015,7,14,5,30,0,0,25,0.045,1.6,89.28,27,1010,N/A
2015,7,14,6,30,0,0,25,0.045,1.7000000000000002,89.38,27,1010,N/A
2015,7,14,7,30,0,0,25,0.045,1.9000000000000001,89.48,27,1010,N/A
2015,7,14,8,30,0,0,25,0.045,2.1,89.51,27,1010,N/A
2015,7,14,9,30,0,0,25,0.045,2.2,89.39,27,1010,N/A
2015,7,14,10,30,0,0,25,0.045,2.2,89.12,27,1010,N/A
2015,7,14,11,30,47,284,25,0.045,2.5,91.44,28,1010,N/A
2015,7,14,12,30,135,249,25,0.045,2.8000000000000003,86.86,28,1010,N/A
2015,7,14,13,30,214,363,25,0.045,2.9000000000000004,80.34,29,1010,N/A
2015,7,14,14,30,336,245,24,0.045,2.9000000000000004,78.83,30,1010,N/A
2015,7,14,15,30,397,65,24,0.045,2.9000000000000004,73.44,30,1010,N/A
2015,7,14,16,30,110,0,24,0.045,3,72.67,30,1010,N/A
2015,7,14,17,30,255,13,24,0.045,3.1,72.07000000000001,30,1010,N/A
2015,7,14,18,30,229,11,24,0.045,3.2,71.58,30,1010,N/A
2015,7,14,19,30,393,50,24,0.045,3.2,71.12,30,1010,N/A
2015,7,14,20,30,357,235,24,0.045,3.1,70.8,30,1010,N/A
2015,7,14,21,30,258,243,24,0.045,2.8000000000000003,74.55,29,1010,N/A
2015,7,14,22,30,141,344,24,0.045,2.5,74.87,29,1010,N/A
2015,7,14,23,30,67,156,24,0.045,2,80.45,28,1010,N/A
2015,7,15,0,30,0,0,24,0.045,1.8,80.31,28,1010,N/A
2015,7,15,1,30,0,0,24,0.045,2,85.29,27,1010,N/A
2015,7,15,2,30,0,0,24,0.045,2.2,85.52,27,1010,N/A
2015,7,15,3,30,0,0,24,0.045,2.5,85.82000000000001,27,1010,N/A
2015,7,15,4,30,0,0,24,0.045,3,86.25,27,1010,N/A
2015,7,15,5,30,0,0,24,0.045,3.3000000000000003,86.51,27,1010,N/A
2015,7,15,6,30,0,0,24,0.045,3.5,86.61,27,1010,N/A
2015,7,15,7,30,0,0,24,0.045,3.6,86.66,27,1010,N/A
2015,7,15,8,30,0,0,24,0.045,3.5,86.52,27,1010,N/A
2015,7,15,9,30,0,0,24,0.045,3.3000000000000003,86.07000000000001,27,1010,N/A
2015,7,15,10,30,0,0,24,0.045,3.2,85.89,27,1010,N/A
2015,7,15,11,30,49,182,24,0.045,3.5,82.76,28,1010,N/A
2015,7,15,12,30,141,174,24,0.045,4,78.81,29,1010,N/A
2015,7,15,13,30,229,289,24,0.045,4.3,77.59,29,1010,N/A
2015,7,15,14,30,319,319,24,0.045,4.3,72.77,30,1010,N/A
2015,7,15,15,30,423,216,24,0.045,4.3,72.3,30,1010,N/A
2015,7,15,16,30,474,109,24,0.045,4.3,71.84,30,1010,N/A
2015,7,15,17,30,448,364,24,0.045,4.3,71.41,30,1010,N/A
2015,7,15,18,30,443,351,24,0.045,4.2,71.26,30,1010,N/A
2015,7,15,19,30,287,15,24,0.045,4,71.15,30,1010,N/A
2015,7,15,20,30,194,6,24,0.045,3.7,75.46000000000001,29,1010,N/A
2015,7,15,21,30,119,0,24,0.045,3.2,76.06,29,1010,N/A
2015,7,15,22,30,152,37,24,0.045,2.5,81.26,28,1010,N/A
2015,7,15,23,30,68,60,24,0.045,1.9000000000000001,87.25,27,1010,N/A
2015,7,16,0,30,0,0,24,0.045,1.8,86.81,27,1010,N/A
2015,7,16,1,30,0,0,24,0.045,2.1,86.14,27,1010,N/A
2015,7,16,2,30,0,0,24,0.045,2.5,86.04,27,1010,N/A
2015,7,16,3,30,0,0,24,0.045,2.8000000000000003,86.72,27,1010,N/A
2015,7,16,4,30,0,0,24,0.045,2.8000000000000003,87.47,27,1010,N/A
2015,7,16,5,30,0,0,24,0.045,2.7,87.94,27,1010,N/A
2015,7,16,6,30,0,0,24,0.045,2.7,88.29,27,1010,N/A
2015,7,16,7,30,0,0,24,0.045,2.6,88.44,27,1010,N/A
2015,7,16,8,30,0,0,24,0.045,2.5,88.5,27,1010,N/A
2015,7,16,9,30,0,0,24,0.045,2.3000000000000003,88.75,27,1010,N/A
2015,7,16,10,30,0,0,25,0.045,2.4000000000000004,89.19,27,1010,N/A
2015,7,16,11,30,51,225,25,0.045,2.8000000000000003,92.05,27,1010,N/A
2015,7,16,12,30,140,181,25,0.045,3.4000000000000004,87.37,28,1010,N/A
2015,7,16,13,30,95,0,25,0.045,3.8000000000000003,81.54,29,1010,N/A
2015,7,16,14,30,343,188,25,0.045,4,80.99,29,1010,N/A
2015,7,16,15,30,399,68,25,0.045,4.1000000000000005,80.62,30,1010,N/A
2015,7,16,16,30,410,40,25,0.045,4.1000000000000005,80.21000000000001,30,1010,N/A
2015,7,16,17,30,370,24,25,0.045,4.3,79.84,29,1010,N/A
2015,7,16,18,30,488,138,25,0.045,4.4,79.62,29,1010,N/A
2015,7,16,19,30,428,94,25,0.045,4.5,84.84,28,1010,N/A
2015,7,16,20,30,361,201,25,0.045,4.4,85.48,28,1010,N/A
2015,7,16,21,30,264,197,25,0.045,4,90.88,27,1010,N/A
2015,7,16,22,30,163,149,25,0.045,3.5,90.58,27,1010,N/A
2015,7,16,23,30,73,97,25,0.045,3,90.03,27,1010,N/A
2015,7,17,0,30,0,0,25,0.045,2.7,94.5,27,1010,N/A
2015,7,17,1,30,0,0,24,0.045,2.5,94.02,26,1010,N/A
2015,7,17,2,30,0,0,24,0.045,2.5,94.04,26,1010,N/A
2015,7,17,3,30,0,0,25,0.045,2.7,94.57000000000001,26,1010,N/A
2015,7,17,4,30,0,0,25,0.045,3,95.53,26,1010,N/A
2015,7,17,5,30,0,0,25,0.045,3.2,96.46000000000001,26,1010,N/A
2015,7,17,6,30,0,0,25,0.045,3.3000000000000003,97.25,26,1010,N/A
2015,7,17,7,30,0,0,25,0.045,3.4000000000000004,97.63,27,1010,N/A
2015,7,17,8,30,0,0,25,0.045,3.2,97.62,26,1010,N/A
2015,7,17,9,30,0,0,25,0.045,2.9000000000000004,97.58,26,1010,N/A
2015,7,17,10,30,0,0,25,0.045,2.7,97.61,26,1010,N/A
2015,7,17,11,30,49,150,25,0.045,2.8000000000000003,94.17,27,1010,N/A
2015,7,17,12,30,13,0,26,0.045,3.1,95.58,28,1010,N/A
2015,7,17,13,30,36,0,26,0.045,3.2,90.11,28,1010,N/A
2015,7,17,14,30,64,0,26,0.045,3.2,89.62,28,1010,N/A
2015,7,17,15,30,259,13,26,0.045,3.4000000000000004,89.28,29,1010,N/A
2015,7,17,16,30,453,72,26,0.045,3.6,89.06,28,1010,N/A
2015,7,17,17,30,334,19,25,0.045,4,88.91,28,1010,N/A
2015,7,17,18,30,335,19,25,0.045,4.3,88.62,28,1010,N/A
2015,7,17,19,30,285,15,25,0.045,4.5,88.19,28,1010,N/A
2015,7,17,20,30,192,6,25,0.045,4.6000000000000005,93.13,28,1010,N/A
2015,7,17,21,30,251,63,25,0.045,4.4,92.67,27,1010,N/A
2015,7,17,22,30,86,0,25,0.045,3.9000000000000004,92.47,27,1010,N/A
2015,7,17,23,30,50,0,25,0.045,3.4000000000000004,92.8,27,1010,N/A
2015,7,18,0,30,0,0,25,0.045,3.1,97.76,27,1010,N/A
2015,7,18,1,30,0,0,25,0.045,2.9000000000000004,97.18,27,1010,N/A
2015,7,18,2,30,0,0,25,0.045,2.8000000000000003,91.47,27,1010,N/A
2015,7,18,3,30,0,0,25,0.045,2.8000000000000003,91.57000000000001,27,1010,N/A
2015,7,18,4,30,0,0,25,0.045,2.9000000000000004,91.83,27,1010,N/A
2015,7,18,5,30,0,0,25,0.045,3,91.94,27,1010,N/A
2015,7,18,6,30,0,0,25,0.045,3,97.47,27,1010,N/A
2015,7,18,7,30,0,0,25,0.045,3,97.06,27,1010,N/A
2015,7,18,8,30,0,0,25,0.045,2.9000000000000004,96.37,26,1010,N/A
2015,7,18,9,30,0,0,25,0.045,2.6,95.54,26,1010,N/A
2015,7,18,10,30,0,0,25,0.045,2.4000000000000004,94.95,26,1010,N/A
2015,7,18,11,30,39,0,25,0.045,2.3000000000000003,90.4,27,1010,N/A
2015,7,18,12,30,140,156,25,0.045,2.3000000000000003,91.44,27,1010,N/A
2015,7,18,13,30,221,319,25,0.045,2.4000000000000004,86.41,28,1010,N/A
2015,7,18,14,30,343,156,25,0.045,2.6,86.31,28,1010,N/A
2015,7,18,15,30,184,6,25,0.045,2.8000000000000003,85.60000000000001,28,1010,N/A
2015,7,18,16,30,413,393,25,0.045,3,80.53,29,1010,N/A
2015,7,18,17,30,490,98,25,0.045,3.3000000000000003,80.49,29,1010,N/A
2015,7,18,18,30,488,136,25,0.045,3.5,80.3,29,1010,N/A
2015,7,18,19,30,400,354,25,0.045,3.6,79.99,29,1010,N/A
2015,7,18,20,30,186,5,25,0.045,3.6,84.34,28,1010,N/A
2015,7,18,21,30,238,40,25,0.045,3.4000000000000004,84.11,28,1010,N/A
2015,7,18,22,30,155,236,25,0.045,2.8000000000000003,89.47,27,1010,N/A
2015,7,18,23,30,67,172,25,0.045,2.2,90.27,27,1010,N/A
2015,7,19,0,30,0,0,25,0.045,1.9000000000000001,94.28,26,1010,N/A
2015,7,19,1,30,0,0,24,0.045,1.7000000000000002,93.09,26,1010,N/A
2015,7,19,2,30,0,0,24,0.045,1.6,92.79,26,1010,N/A
2015,7,19,3,30,0,0,24,0.045,1.6,92.60000000000001,26,1010,N/A
2015,7,19,4,30,0,0,24,0.045,1.7000000000000002,92.38,26,1010,N/A
2015,7,19,5,30,0,0,24,0.045,1.9000000000000001,92.35000000000001,26,1010,N/A
2015,7,19,6,30,0,0,24,0.045,2.2,92.38,26,1010,N/A
2015,7,19,7,30,0,0,24,0.045,2.3000000000000003,92.26,26,1010,N/A
2015,7,19,8,30,0,0,24,0.045,2.4000000000000004,92.01,26,1010,N/A
2015,7,19,9,30,0,0,24,0.045,2.3000000000000003,91.71000000000001,26,1010,N/A
2015,7,19,10,30,0,0,24,0.045,2.3000000000000003,91.52,26,1010,N/A
2015,7,19,11,30,44,284,24,0.045,2.6,93.69,27,1010,N/A
2015,7,19,12,30,81,563,24,0.045,2.9000000000000004,88.81,28,1010,N/A
2015,7,19,13,30,226,53,24,0.045,3,82.89,28,1010,N/A
2015,7,19,14,30,260,473,24,0.045,3,77.59,29,1010,N/A
2015,7,19,15,30,418,236,24,0.045,3.1,77.47,30,1010,N/A
2015,7,19,16,30,482,180,24,0.045,3.2,73.34,30,1010,N/A
2015,7,19,17,30,504,183,24,0.045,3.3000000000000003,73.35000000000001,30,1010,N/A
2015,7,19,18,30,465,302,24,0.045,3.4000000000000004,73.37,30,1010,N/A
2015,7,19,19,30,352,461,24,0.045,3.3000000000000003,77.63,29,1010,N/A
2015,7,19,20,30,323,363,24,0.045,3.1,77.71000000000001,29,1010,N/A
2015,7,19,21,30,110,704,24,0.045,2.8000000000000003,82.15,28,1010,N/A
2015,7,19,22,30,86,601,24,0.045,2.3000000000000003,82.33,28,1010,N/A
2015,7,19,23,30,52,382,24,0.045,1.8,87.9,27,1010,N/A
2015,7,20,0,30,0,0,24,0.045,1.5,87.34,27,1010,N/A
2015,7,20,1,30,0,0,24,0.045,1.5,86.27,27,1010,N/A
2015,7,20,2,30,0,0,24,0.045,1.6,91.12,26,1010,N/A
2015,7,20,3,30,0,0,24,0.045,1.6,90.99,26,1010,N/A
2015,7,20,4,30,0,0,24,0.045,1.7000000000000002,91.04,26,1010,N/A
2015,7,20,5,30,0,0,24,0.045,1.9000000000000001,91.10000000000001,26,1010,N/A
2015,7,20,6,30,0,0,24,0.045,2,91.07000000000001,26,1010,N/A
2015,7,20,7,30,0,0,24,0.045,2,91,26,1010,N/A
2015,7,20,8,30,0,0,24,0.045,2,90.85000000000001,26,1010,N/A
2015,7,20,9,30,0,0,24,0.045,2,90.74,26,1010,N/A
2015,7,20,10,30,0,0,24,0.045,2.1,90.68,26,1010,N/A
2015,7,20,11,30,46,245,24,0.045,2.4000000000000004,88.7,27,1010,N/A
2015,7,20,12,30,139,143,25,0.045,2.8000000000000003,84.36,28,1010,N/A
2015,7,20,13,30,192,437,25,0.045,3,83.99,29,1010,N/A
2015,7,20,14,30,327,277,24,0.045,3.2,78.89,29,1010,N/A
2015,7,20,15,30,353,418,24,0.045,3.3000000000000003,78.60000000000001,29,1010,N/A
2015,7,20,16,30,152,806,24,0.045,3.3000000000000003,74.13,30,1010,N/A
2015,7,20,17,30,502,136,24,0.045,3.4000000000000004,74.03,30,1010,N/A
2015,7,20,18,30,452,337,24,0.045,3.5,73.86,30,1010,N/A
2015,7,20,19,30,357,442,24,0.045,3.6,73.59,30,1010,N/A
2015,7,20,20,30,289,444,24,0.045,3.6,73.48,30,1010,N/A
2015,7,20,21,30,215,429,24,0.045,3.5,78.31,29,1010,N/A
2015,7,20,22,30,148,267,24,0.045,3.1,83.45,28,1010,N/A
2015,7,20,23,30,62,232,25,0.045,2.5,89.83,28,1010,N/A
2015,7,21,0,30,0,0,25,0.045,2,90.14,27,1010,N/A
2015,7,21,1,30,0,0,25,0.045,1.8,90.2,27,1010,N/A
2015,7,21,2,30,0,0,25,0.045,1.8,90.17,27,1010,N/A
2015,7,21,3,30,0,0,25,0.045,1.9000000000000001,89.93,27,1010,N/A
2015,7,21,4,30,0,0,25,0.045,2,89.66,27,1010,N/A
2015,7,21,5,30,0,0,25,0.045,2.2,94.78,27,1010,N/A
2015,7,21,6,30,0,0,25,0.045,2.3000000000000003,94.55,27,1010,N/A
2015,7,21,7,30,0,0,25,0.045,2.4000000000000004,94.28,27,1010,N/A
2015,7,21,8,30,0,0,24,0.045,2.5,93.9,27,1010,N/A
2015,7,21,9,30,0,0,24,0.045,2.5,93.48,27,1010,N/A
2015,7,21,10,30,0,0,24,0.045,2.5,93.08,27,1010,N/A
2015,7,21,11,30,44,220,25,0.045,2.8000000000000003,90.59,28,1010,N/A
2015,7,21,12,30,83,548,25,0.045,3.1,85.10000000000001,29,1010,N/A
2015,7,21,13,30,163,529,25,0.045,3.2,79.19,29,1010,N/A
2015,7,21,14,30,236,539,24,0.045,3.2,74.28,30,1010,N/A
2015,7,21,15,30,127,812,24,0.045,3.4000000000000004,74.38,30,1010,N/A
2015,7,21,16,30,480,196,25,0.045,3.6,74.64,31,1010,N/A
2015,7,21,17,30,499,224,25,0.045,3.7,70.66,31,1010,N/A
2015,7,21,18,30,487,204,25,0.045,3.8000000000000003,74.95,31,1010,N/A
2015,7,21,19,30,413,315,25,0.045,3.9000000000000004,75.07000000000001,30,1010,N/A
2015,7,21,20,30,310,399,25,0.045,3.9000000000000004,75.03,30,1010,N/A
2015,7,21,21,30,230,370,25,0.045,3.7,79.25,30,1010,N/A
2015,7,21,22,30,144,309,24,0.045,3.3000000000000003,78.95,29,1010,N/A
2015,7,21,23,30,55,353,25,0.045,2.6,84.19,28,1010,N/A
2015,7,22,0,30,0,0,24,0.045,2.3000000000000003,83.72,28,1010,N/A
2015,7,22,1,30,0,0,24,0.045,2.3000000000000003,88.27,27,1010,N/A
2015,7,22,2,30,0,0,24,0.045,2.3000000000000003,88.04,27,1010,N/A
2015,7,22,3,30,0,0,24,0.045,2.4000000000000004,88.10000000000001,27,1010,N/A
2015,7,22,4,30,0,0,24,0.045,2.5,88.44,27,1010,N/A
2015,7,22,5,30,0,0,24,0.045,2.7,88.75,27,1010,N/A
2015,7,22,6,30,0,0,25,0.045,2.8000000000000003,89.01,27,1010,N/A
2015,7,22,7,30,0,0,25,0.045,2.8000000000000003,89.2,27,1010,N/A
2015,7,22,8,30,0,0,25,0.045,2.7,89.22,27,1010,N/A
2015,7,22,9,30,0,0,25,0.045,2.5,89.24,27,1010,N/A
2015,7,22,10,30,0,0,25,0.045,2.4000000000000004,89.31,27,1010,N/A
2015,7,22,11,30,42,281,25,0.045,2.7,87.3,28,1010,N/A
2015,7,22,12,30,87,0,25,0.045,3.1,88.24,29,1010,N/A
2015,7,22,13,30,210,30,25,0.045,3.2,82.57000000000001,29,1010,N/A
2015,7,22,14,30,115,771,25,0.045,3.2,77.56,30,1010,N/A
2015,7,22,15,30,148,776,25,0.045,3.2,77.69,30,1010,N/A
2015,7,22,16,30,470,251,25,0.045,3.2,77.89,30,1010,N/A
2015,7,22,17,30,476,310,25,0.045,3.3000000000000003,77.97,30,1010,N/A
2015,7,22,18,30,485,222,25,0.045,3.4000000000000004,78.2,30,1010,N/A
2015,7,22,19,30,423,277,25,0.045,3.4000000000000004,78.41,30,1010,N/A
2015,7,22,20,30,323,363,25,0.045,3.4000000000000004,78.2,30,1010,N/A
2015,7,22,21,30,248,291,25,0.045,3.3000000000000003,77.47,30,1010,N/A
2015,7,22,22,30,113,484,25,0.045,2.9000000000000004,81.73,29,1010,N/A
2015,7,22,23,30,66,138,25,0.045,2.4000000000000004,87.60000000000001,28,1010,N/A
2015,7,23,0,30,0,0,25,0.045,2.2,87.02,28,1010,N/A
2015,7,23,1,30,0,0,25,0.045,2.2,86.52,28,1010,N/A
2015,7,23,2,30,0,0,25,0.045,2.3000000000000003,91.19,28,1010,N/A
2015,7,23,3,30,0,0,25,0.045,2.3000000000000003,90.92,27,1010,N/A
2015,7,23,4,30,0,0,25,0.045,2.4000000000000004,91.02,27,1010,N/A
2015,7,23,5,30,0,0,25,0.045,2.4000000000000004,91.3,27,1010,N/A
2015,7,23,6,30,0,0,25,0.045,2.5,91.5,27,1010,N/A
2015,7,23,7,30,0,0,25,0.045,2.4000000000000004,91.56,27,1010,N/A
2015,7,23,8,30,0,0,25,0.045,2.3000000000000003,91.58,27,1010,N/A
2015,7,23,9,30,0,0,25,0.045,2.2,91.73,27,1010,N/A
2015,7,23,10,30,0,0,25,0.045,2.1,92.01,27,1010,N/A
2015,7,23,11,30,42,284,26,0.045,2.4000000000000004,90.10000000000001,28,1010,N/A
2015,7,23,12,30,78,569,26,0.045,2.8000000000000003,86.3,29,1010,N/A
2015,7,23,13,30,119,0,26,0.045,2.9000000000000004,86.05,29,1010,N/A
2015,7,23,14,30,340,149,26,0.045,3,80.54,30,1010,N/A
2015,7,23,15,30,421,207,26,0.045,3.1,79.69,30,1010,N/A
2015,7,23,16,30,481,170,25,0.045,3.3000000000000003,79.13,30,1010,N/A
2015,7,23,17,30,503,152,25,0.045,3.5,78.97,30,1010,N/A
2015,7,23,18,30,143,1,26,0.045,3.8000000000000003,79.21000000000001,30,1010,N/A
2015,7,23,19,30,324,22,26,0.045,3.9000000000000004,79.38,30,1010,N/A
2015,7,23,20,30,358,208,26,0.045,3.8000000000000003,84.29,29,1010,N/A
2015,7,23,21,30,229,32,26,0.045,3.7,84.9,29,1010,N/A
2015,7,23,22,30,152,248,26,0.045,3.3000000000000003,85.53,29,1010,N/A
2015,7,23,23,30,61,8,26,0.045,2.9000000000000004,91.01,28,1010,N/A
2015,7,24,0,30,0,0,26,0.045,2.6,90.16,28,1010,N/A
2015,7,24,1,30,0,0,26,0.045,2.4000000000000004,89.62,28,1010,N/A
2015,7,24,2,30,0,0,26,0.045,2.4000000000000004,89.21000000000001,28,1010,N/A
2015,7,24,3,30,0,0,26,0.045,2.6,89.04,28,1010,N/A
2015,7,24,4,30,0,0,26,0.045,2.9000000000000004,88.98,28,1010,N/A
2015,7,24,5,30,0,0,25,0.045,3.2,88.81,28,1010,N/A
2015,7,24,6,30,0,0,25,0.045,3.3000000000000003,93.93,28,1010,N/A
2015,7,24,7,30,0,0,25,0.045,3.4000000000000004,93.65,28,1010,N/A
2015,7,24,8,30,0,0,25,0.045,3.4000000000000004,93.26,27,1010,N/A
2015,7,24,9,30,0,0,25,0.045,3.1,93.07000000000001,27,1010,N/A
2015,7,24,10,30,0,0,25,0.045,2.9000000000000004,93.36,27,1010,N/A
2015,7,24,11,30,44,32,26,0.045,2.9000000000000004,95.13,28,1010,N/A
2015,7,24,12,30,128,31,26,0.045,3.2,91.44,28,1010,N/A
2015,7,24,13,30,159,0,26,0.045,3.4000000000000004,92.45,28,1010,N/A
2015,7,24,14,30,79,0,26,0.045,3.5,92.53,28,1010,N/A
2015,7,24,15,30,50,0,26,0.045,3.6,92.51,28,1010,N/A
2015,7,24,16,30,73,0,26,0.045,3.7,92.18,28,1010,N/A
2015,7,24,17,30,84,0,26,0.045,3.8000000000000003,91.57000000000001,28,1010,N/A
2015,7,24,18,30,288,15,26,0.045,3.9000000000000004,96.27,27,1010,N/A
2015,7,24,19,30,256,12,26,0.045,3.9000000000000004,95.53,27,1010,N/A
2015,7,24,20,30,253,15,26,0.045,3.8000000000000003,94.86,27,1010,N/A
2015,7,24,21,30,108,0,26,0.045,3.6,94.3,27,1010,N/A
2015,7,24,22,30,146,29,26,0.045,3.4000000000000004,94.31,27,1010,N/A
2015,7,24,23,30,52,0,25,0.045,3.2,99.75,27,1010,N/A
2015,7,25,0,30,0,0,25,0.045,3.2,98.95,27,1010,N/A
2015,7,25,1,30,0,0,25,0.045,3.2,98.72,27,1010,N/A
2015,7,25,2,30,0,0,25,0.045,3.2,93.23,27,1010,N/A
2015,7,25,3,30,0,0,25,0.045,3.2,93.48,27,1010,N/A
2015,7,25,4,30,0,0,25,0.045,3.3000000000000003,93.41,27,1010,N/A
2015,7,25,5,30,0,0,25,0.045,3.4000000000000004,93.32000000000001,27,1010,N/A
2015,7,25,6,30,0,0,25,0.045,3.3000000000000003,93.13,27,1010,N/A
2015,7,25,7,30,0,0,25,0.045,3.1,98.47,27,1010,N/A
2015,7,25,8,30,0,0,25,0.045,2.9000000000000004,98.19,26,1010,N/A
2015,7,25,9,30,0,0,25,0.045,2.6,98.11,26,1010,N/A
2015,7,25,10,30,0,0,25,0.045,2.5,98.27,26,1010,N/A
2015,7,25,11,30,1,0,25,0.045,2.8000000000000003,99.73,27,1010,N/A
2015,7,25,12,30,9,0,26,0.045,3.2,95.83,27,1010,N/A
2015,7,25,13,30,15,0,26,0.045,3.5,97.08,27,1010,N/A
2015,7,25,14,30,57,0,26,0.045,3.7,97.63,27,1010,N/A
2015,7,25,15,30,84,0,26,0.045,3.8000000000000003,97.5,27,1010,N/A
2015,7,25,16,30,140,1,26,0.045,3.8000000000000003,97.12,27,1010,N/A
2015,7,25,17,30,279,14,26,0.045,3.7,96.74000000000001,27,1010,N/A
2015,7,25,18,30,489,166,26,0.045,3.7,96.37,27,1010,N/A
2015,7,25,19,30,436,216,26,0.045,3.8000000000000003,96.09,27,1010,N/A
2015,7,25,20,30,350,259,26,0.045,3.9000000000000004,95.95,27,1010,N/A
2015,7,25,21,30,253,255,26,0.045,3.7,95.8,27,1010,N/A
2015,7,25,22,30,141,317,26,0.045,3.2,95.37,27,1010,N/A
2015,7,25,23,30,62,7,26,0.045,2.7,100,26,1010,N/A
2015,7,26,0,30,0,0,25,0.045,2.4000000000000004,98.57000000000001,26,1010,N/A
2015,7,26,1,30,0,0,25,0.045,1.9000000000000001,97.52,26,1010,N/A
2015,7,26,2,30,0,0,25,0.045,1.5,96.78,26,1010,N/A
2015,7,26,3,30,0,0,25,0.045,1.3,96.4,26,1010,N/A
2015,7,26,4,30,0,0,25,0.045,1.2000000000000002,96.10000000000001,26,1010,N/A
2015,7,26,5,30,0,0,25,0.045,0.9,95.81,26,1010,N/A
2015,7,26,6,30,0,0,25,0.045,0.6000000000000001,95.52,26,1010,N/A
2015,7,26,7,30,0,0,25,0.045,0.5,100,26,1010,N/A
2015,7,26,8,30,0,0,25,0.045,0.7000000000000001,100,26,1010,N/A
2015,7,26,9,30,0,0,25,0.045,1.1,100,25,1010,N/A
2015,7,26,10,30,0,0,25,0.045,1.7000000000000002,100,25,1010,N/A
2015,7,26,11,30,51,53,25,0.045,2.1,96.28,26,1010,N/A
2015,7,26,12,30,52,0,25,0.045,2.1,98.3,26,1010,N/A
2015,7,26,13,30,237,105,25,0.045,1.7000000000000002,94.16,27,1010,N/A
2015,7,26,14,30,233,540,26,0.045,1.3,89.60000000000001,28,1010,N/A
2015,7,26,15,30,253,604,26,0.045,1,89.65,29,1010,N/A
2015,7,26,16,30,429,363,26,0.045,0.9,84.24,29,1010,N/A
2015,7,26,17,30,169,6,26,0.045,1.3,88.98,29,1010,N/A
2015,7,26,18,30,277,14,26,0.045,1.8,89.22,28,1010,N/A
2015,7,26,19,30,401,59,26,0.045,1.9000000000000001,89.35000000000001,28,1010,N/A
2015,7,26,20,30,247,14,26,0.045,1.7000000000000002,94.75,27,1010,N/A
2015,7,26,21,30,236,41,26,0.045,1.6,94.91,27,1010,N/A
2015,7,26,22,30,159,129,26,0.045,1.6,100,27,1010,N/A
2015,7,26,23,30,64,15,26,0.045,1.7000000000000002,100,26,1010,N/A
2015,7,27,0,30,0,0,26,0.045,1.8,100,26,1010,N/A
2015,7,27,1,30,0,0,25,0.045,1.8,99.39,26,1010,N/A
2015,7,27,2,30,0,0,25,0.045,1.7000000000000002,98.23,26,1010,N/A
2015,7,27,3,30,0,0,25,0.045,1.6,97,26,1010,N/A
2015,7,27,4,30,0,0,25,0.045,1.6,96.22,26,1010,N/A
2015,7,27,5,30,0,0,25,0.045,1.8,95.81,26,1010,N/A
2015,7,27,6,30,0,0,25,0.045,2.2,95.44,26,1010,N/A
2015,7,27,7,30,0,0,25,0.045,2.6,95.12,26,1010,N/A
2015,7,27,8,30,0,0,25,0.045,2.8000000000000003,94.97,26,1010,N/A
2015,7,27,9,30,0,0,25,0.045,2.8000000000000003,95.02,26,1010,N/A
2015,7,27,10,30,0,0,25,0.045,2.9000000000000004,95.21000000000001,26,1010,N/A
2015,7,27,11,30,44,215,25,0.045,3.1,97.55,26,1010,N/A
2015,7,27,12,30,9,0,25,0.045,3.4000000000000004,94.04,27,1010,N/A
2015,7,27,13,30,19,0,25,0.045,3.6,93.65,28,1010,N/A
2015,7,27,14,30,270,24,25,0.045,3.6,87.22,28,1010,N/A
2015,7,27,15,30,107,0,25,0.045,3.7,86.33,28,1010,N/A
2015,7,27,16,30,419,46,25,0.045,3.9000000000000004,85.33,28,1010,N/A
2015,7,27,17,30,354,21,25,0.045,4.1000000000000005,84.55,28,1010,N/A
2015,7,27,18,30,473,94,25,0.045,4.2,83.79,28,1010,N/A
2015,7,27,19,30,421,282,24,0.045,4.1000000000000005,83.25,28,1010,N/A
2015,7,27,20,30,327,53,24,0.045,3.9000000000000004,87.7,27,1010,N/A
2015,7,27,21,30,262,147,24,0.045,3.6,87.16,27,1010,N/A
2015,7,27,22,30,77,0,24,0.045,3.1,87.16,27,1010,N/A
2015,7,27,23,30,63,53,24,0.045,2.6,93.73,26,1010,N/A
2015,7,28,0,30,0,0,24,0.046,2.6,94.07000000000001,26,1010,N/A
2015,7,28,1,30,0,0,25,0.046,2.8000000000000003,94.26,26,1010,N/A
2015,7,28,2,30,0,0,25,0.046,3.1,94.72,26,1010,N/A
2015,7,28,3,30,0,0,25,0.046,3.2,95.06,26,1010,N/A
2015,7,28,4,30,0,0,25,0.046,3.3000000000000003,95.26,26,1010,N/A
2015,7,28,5,30,0,0,25,0.046,3.4000000000000004,95.28,26,1010,N/A
2015,7,28,6,30,0,0,25,0.046,3.5,95.33,26,1010,N/A
2015,7,28,7,30,0,0,25,0.046,3.6,95.48,26,1010,N/A
2015,7,28,8,30,0,0,25,0.046,3.6,95.94,26,1010,N/A
2015,7,28,9,30,0,0,25,0.046,3.5,96.8,26,1010,N/A
2015,7,28,10,30,0,0,25,0.046,3.5,97.82000000000001,26,1010,N/A
2015,7,28,11,30,23,0,25,0.046,3.7,93.98,27,1010,N/A
2015,7,28,12,30,58,0,26,0.046,3.9000000000000004,96.10000000000001,27,1010,N/A
2015,7,28,13,30,196,20,26,0.046,4.2,97.51,28,1010,N/A
2015,7,28,14,30,285,32,26,0.046,4.5,92.16,28,1010,N/A
2015,7,28,15,30,403,291,26,0.046,4.6000000000000005,91.28,28,1010,N/A
2015,7,28,16,30,469,249,26,0.046,4.7,90.45,28,1010,N/A
2015,7,28,17,30,490,102,26,0.046,4.7,90.5,28,1010,N/A
2015,7,28,18,30,467,84,26,0.046,4.7,91.07000000000001,28,1010,N/A
2015,7,28,19,30,335,25,26,0.046,4.7,91.83,28,1010,N/A
2015,7,28,20,30,323,50,26,0.046,4.5,98.38,28,1010,N/A
2015,7,28,21,30,257,99,26,0.046,4.3,99.06,27,1010,N/A
2015,7,28,22,30,157,146,26,0.046,4.1000000000000005,98.87,27,1010,N/A
2015,7,28,23,30,62,21,26,0.046,4,97.83,27,1010,N/A
2015,7,29,0,30,0,0,26,0.046,3.9000000000000004,96.59,27,1010,N/A
2015,7,29,1,30,0,0,26,0.046,3.7,95.72,27,1010,N/A
2015,7,29,2,30,0,0,26,0.046,3,94.99,27,1010,N/A
2015,7,29,3,30,0,0,26,0.046,2.2,94.46000000000001,27,1010,N/A
2015,7,29,4,30,0,0,25,0.046,2.2,99.63,27,1010,N/A
2015,7,29,5,30,0,0,25,0.046,2.3000000000000003,99.41,26,1010,N/A
2015,7,29,6,30,0,0,25,0.046,2.4000000000000004,99.19,26,1010,N/A
2015,7,29,7,30,0,0,25,0.046,2.3000000000000003,98.85000000000001,26,1010,N/A
2015,7,29,8,30,0,0,25,0.046,2.1,98.66,26,1010,N/A
2015,7,29,9,30,0,0,25,0.046,1.8,98.57000000000001,26,1010,N/A
2015,7,29,10,30,0,0,25,0.046,1.6,98.32000000000001,26,1010,N/A
2015,7,29,11,30,41,19,26,0.046,1.6,94.83,27,1010,N/A
2015,7,29,12,30,134,104,26,0.046,1.7000000000000002,91.96000000000001,28,1010,N/A
2015,7,29,13,30,176,482,26,0.046,1.7000000000000002,92.29,29,1010,N/A
2015,7,29,14,30,306,342,26,0.046,1.7000000000000002,84.77,29,1010,N/A
2015,7,29,15,30,324,25,26,0.046,1.7000000000000002,84.31,30,1010,N/A
2015,7,29,16,30,453,309,26,0.046,1.8,80,30,1010,N/A
2015,7,29,17,30,141,1,26,0.046,2,80.29,30,1010,N/A
2015,7,29,18,30,315,17,26,0.046,2.4000000000000004,80.75,30,1010,N/A
2015,7,29,19,30,142,0,26,0.046,2.7,86.10000000000001,29,1010,N/A
2015,7,29,20,30,185,5,26,0.046,3,86.64,29,1010,N/A
2015,7,29,21,30,188,8,26,0.046,3.1,92.2,28,1010,N/A
2015,7,29,22,30,133,398,26,0.046,2.9000000000000004,92.60000000000001,28,1010,N/A
2015,7,29,23,30,56,0,26,0.046,2.5,98.54,27,1010,N/A
2015,7,30,0,30,0,0,26,0.046,2.2,97.32000000000001,27,1010,N/A
2015,7,30,1,30,0,0,26,0.046,2.1,100,26,1010,N/A
2015,7,30,2,30,0,0,26,0.046,2,100,26,1010,N/A
2015,7,30,3,30,0,0,25,0.046,1.8,99.52,26,1010,N/A
2015,7,30,4,30,0,0,25,0.046,1.7000000000000002,98.4,26,1010,N/A
2015,7,30,5,30,0,0,25,0.046,1.7000000000000002,97.53,26,1010,N/A
2015,7,30,6,30,0,0,25,0.046,1.8,97.04,26,1010,N/A
2015,7,30,7,30,0,0,25,0.046,1.9000000000000001,96.76,26,1010,N/A
2015,7,30,8,30,0,0,25,0.046,1.9000000000000001,96.67,26,1010,N/A
2015,7,30,9,30,0,0,25,0.046,1.8,96.63,26,1010,N/A
2015,7,30,10,30,0,0,25,0.046,1.7000000000000002,96.52,26,1010,N/A
2015,7,30,11,30,46,98,25,0.046,1.8,98.49000000000001,27,1010,N/A
2015,7,30,12,30,128,215,26,0.046,2.1,95.21000000000001,27,1010,N/A
2015,7,30,13,30,230,233,26,0.046,2.3000000000000003,89.9,28,1010,N/A
2015,7,30,14,30,243,509,25,0.046,2.5,88.85000000000001,28,1010,N/A
2015,7,30,15,30,358,403,25,0.046,2.9000000000000004,88.22,28,1010,N/A
2015,7,30,16,30,447,324,26,0.046,3.3000000000000003,83.98,29,1010,N/A
2015,7,30,17,30,474,310,26,0.046,3.7,84.60000000000001,29,1010,N/A
2015,7,30,18,30,477,250,26,0.046,4,84.46000000000001,29,1010,N/A
2015,7,30,19,30,421,275,25,0.046,4,83.86,29,1010,N/A
2015,7,30,20,30,358,168,25,0.046,3.9000000000000004,87.99,28,1010,N/A
2015,7,30,21,30,170,2,25,0.046,3.6,87.48,28,1010,N/A
2015,7,30,22,30,138,19,25,0.046,3.1,92.7,27,1010,N/A
2015,7,30,23,30,42,0,25,0.046,2.4000000000000004,93.21000000000001,27,1010,N/A
2015,7,31,0,30,0,0,25,0.046,2.1,91.68,27,1010,N/A
2015,7,31,1,30,0,0,25,0.046,2.1,96.23,27,1010,N/A
2015,7,31,2,30,0,0,25,0.046,2.1,95.71000000000001,26,1010,N/A
2015,7,31,3,30,0,0,25,0.046,2.2,95.44,26,1010,N/A
2015,7,31,4,30,0,0,25,0.046,2.3000000000000003,95.24,26,1010,N/A
2015,7,31,5,30,0,0,25,0.046,2.5,95.19,26,1010,N/A
2015,7,31,6,30,0,0,25,0.046,2.6,95.11,26,1010,N/A
2015,7,31,7,30,0,0,25,0.046,2.5,94.7,26,1010,N/A
2015,7,31,8,30,0,0,24,0.046,2.4000000000000004,93.98,26,1010,N/A
2015,7,31,9,30,0,0,24,0.046,2.2,93.31,26,1010,N/A
2015,7,31,10,30,0,0,24,0.046,2.3000000000000003,92.86,26,1010,N/A
2015,7,31,11,30,40,143,25,0.046,2.8000000000000003,90.28,27,1010,N/A
2015,7,31,12,30,129,56,25,0.046,3.5,92.47,27,1010,N/A
2015,7,31,13,30,19,0,25,0.046,4,87.25,28,1010,N/A
2015,7,31,14,30,336,186,25,0.046,4.3,86.94,29,1010,N/A
2015,7,31,15,30,217,9,25,0.046,4.6000000000000005,81.65,29,1010,N/A
2015,7,31,16,30,170,5,25,0.046,4.7,81.42,29,1010,N/A
2015,7,31,17,30,465,67,25,0.046,4.7,81.37,29,1010,N/A
2015,7,31,18,30,446,342,25,0.046,4.7,81.26,29,1010,N/A
2015,7,31,19,30,416,79,25,0.046,4.6000000000000005,85.79,29,1010,N/A
2015,7,31,20,30,156,708,25,0.046,4.3,85.84,28,1010,N/A
2015,7,31,21,30,138,0,25,0.046,3.9000000000000004,85.85000000000001,28,1010,N/A
2015,7,31,22,30,16,0,25,0.046,3.3000000000000003,91.35000000000001,27,1010,N/A
2015,7,31,23,30,8,0,25,0.046,2.8000000000000003,97.49000000000001,26,1010,N/A
2015,8,1,0,30,0,0,25,0.046,2.5,95.82000000000001,26,1010,N/A
2015,8,1,1,30,0,0,25,0.046,2.5,94.74,26,1010,N/A
2015,8,1,2,30,0,0,24,0.046,2.5,94.05,26,1010,N/A
2015,8,1,3,30,0,0,24,0.046,2.6,93.79,26,1010,N/A
2015,8,1,4,30,0,0,24,0.046,2.9000000000000004,93.86,26,1010,N/A
2015,8,1,5,30,0,0,24,0.046,3.2,93.93,26,1010,N/A
2015,8,1,6,30,0,0,24,0.046,3.5,93.98,26,1010,N/A
2015,8,1,7,30,0,0,24,0.046,3.7,94.10000000000001,26,1010,N/A
2015,8,1,8,30,0,0,25,0.046,3.7,94.29,26,1010,N/A
2015,8,1,9,30,0,0,25,0.046,3.6,94.41,26,1010,N/A
2015,8,1,10,30,0,0,24,0.046,3.5,94.21000000000001,26,1010,N/A
2015,8,1,11,30,22,0,25,0.046,3.5,95.34,26,1010,N/A
2015,8,1,12,30,131,81,25,0.046,3.7,92.04,27,1010,N/A
2015,8,1,13,30,213,323,25,0.046,4.1000000000000005,93.74,27,1010,N/A
2015,8,1,14,30,303,349,25,0.046,4.6000000000000005,88.84,28,1010,N/A
2015,8,1,15,30,414,234,25,0.046,5.1000000000000005,88.62,28,1010,N/A
2015,8,1,16,30,136,0,25,0.046,5.1000000000000005,88.32000000000001,28,1010,N/A
2015,8,1,17,30,122,0,25,0.046,4.6000000000000005,88.44,29,1010,N/A
2015,8,1,18,30,132,0,25,0.046,4.1000000000000005,88.8,28,1010,N/A
2015,8,1,19,30,145,1,26,0.046,3.9000000000000004,89.48,28,1010,N/A
2015,8,1,20,30,191,5,26,0.046,3.7,95.89,28,1010,N/A
2015,8,1,21,30,138,0,26,0.046,3.4000000000000004,94.71000000000001,27,1010,N/A
2015,8,1,22,30,135,16,25,0.046,3.2,98.81,27,1010,N/A
2015,8,1,23,30,43,0,25,0.046,3,97.11,26,1010,N/A
2015,8,2,0,30,0,0,25,0.046,3.1,95.37,26,1010,N/A
2015,8,2,1,30,0,0,25,0.046,3.3000000000000003,94.59,26,1010,N/A
2015,8,2,2,30,0,0,24,0.046,3.4000000000000004,99.49000000000001,26,1010,N/A
2015,8,2,3,30,0,0,24,0.046,3.6,98.14,25,1010,N/A
2015,8,2,4,30,0,0,24,0.046,3.9000000000000004,96.11,25,1010,N/A
2015,8,2,5,30,0,0,23,0.046,4.4,93.06,25,1010,N/A
2015,8,2,6,30,0,0,23,0.046,4.6000000000000005,96.85000000000001,24,1010,N/A
2015,8,2,7,30,0,0,23,0.046,4.4,96.15,24,1010,N/A
2015,8,2,8,30,0,0,23,0.046,4.1000000000000005,96.53,25,1010,N/A
2015,8,2,9,30,0,0,23,0.046,3.9000000000000004,92.37,25,1010,N/A
2015,8,2,10,30,0,0,24,0.046,3.8000000000000003,94.43,25,1010,N/A
2015,8,2,11,30,5,0,24,0.046,3.9000000000000004,97.64,26,1010,N/A
2015,8,2,12,30,36,0,25,0.046,4,95.13,26,1010,N/A
2015,8,2,13,30,130,0,25,0.046,4.2,91.45,27,1010,N/A
2015,8,2,14,30,254,19,25,0.046,4.6000000000000005,91.32000000000001,28,1010,N/A
2015,8,2,15,30,411,248,25,0.046,4.9,85.46000000000001,28,1010,N/A
2015,8,2,16,30,342,21,25,0.046,5.300000000000001,84.84,29,1010,N/A
2015,8,2,17,30,379,26,25,0.046,5.6000000000000005,79.58,29,1010,N/A
2015,8,2,18,30,339,20,24,0.046,5.9,78.59,29,1010,N/A
2015,8,2,19,30,430,115,24,0.046,6,81.31,29,1010,N/A
2015,8,2,20,30,327,57,23,0.046,5.7,77.99,28,1010,N/A
2015,8,2,21,30,255,106,23,0.046,5.1000000000000005,76.60000000000001,28,1010,N/A
2015,8,2,22,30,142,266,23,0.046,4.2,81.59,27,1010,N/A
2015,8,2,23,30,56,15,23,0.046,3.5,87.73,26,1010,N/A
2015,8,3,0,30,0,0,23,0.046,3.3000000000000003,86.16,26,1010,N/A
2015,8,3,1,30,0,0,23,0.046,3.5,90.65,26,1010,N/A
2015,8,3,2,30,0,0,23,0.046,3.8000000000000003,90.23,25,1010,N/A
2015,8,3,3,30,0,0,23,0.046,4,90.29,25,1010,N/A
2015,8,3,4,30,0,0,23,0.046,4.1000000000000005,90.72,25,1010,N/A
2015,8,3,5,30,0,0,23,0.046,4.3,91.38,25,1010,N/A
2015,8,3,6,30,0,0,23,0.046,4.5,92.39,25,1010,N/A
2015,8,3,7,30,0,0,23,0.046,4.800000000000001,93.61,25,1010,N/A
2015,8,3,8,30,0,0,24,0.046,5.1000000000000005,94.49,25,1010,N/A
2015,8,3,9,30,0,0,24,0.046,5.4,95.12,25,1010,N/A
2015,8,3,10,30,0,0,24,0.046,5.9,95.81,25,1010,N/A
2015,8,3,11,30,4,0,24,0.046,6.7,97.45,25,1010,N/A
2015,8,3,12,30,12,0,24,0.046,7.300000000000001,93.75,26,1010,N/A
2015,8,3,13,30,28,0,25,0.046,7.4,94.64,26,1010,N/A
2015,8,3,14,30,45,0,24,0.046,7.2,94.03,26,1010,N/A
2015,8,3,15,30,159,3,24,0.046,6.800000000000001,92.86,26,1010,N/A
2015,8,3,16,30,341,21,24,0.046,6.5,91.45,26,1010,N/A
2015,8,3,17,30,407,34,24,0.046,6.1000000000000005,89.9,26,1010,N/A
2015,8,3,18,30,464,83,23,0.046,5.6000000000000005,88.42,26,1010,N/A
2015,8,3,19,30,435,146,23,0.046,5.1000000000000005,87.24,26,1010,N/A
2015,8,3,20,30,331,63,23,0.046,4.6000000000000005,86.45,26,1010,N/A
2015,8,3,21,30,251,89,23,0.046,4.2,86.58,27,1010,N/A
2015,8,3,22,30,152,151,23,0.046,3.8000000000000003,87.04,26,1010,N/A
2015,8,3,23,30,59,143,23,0.046,3.4000000000000004,86.89,26,1010,N/A
2015,8,4,0,30,0,0,23,0.046,3.2,84.92,26,1010,N/A
2015,8,4,1,30,0,0,23,0.046,2.9000000000000004,84.45,26,1010,N/A
2015,8,4,2,30,0,0,23,0.046,2.6,84.33,26,1010,N/A
2015,8,4,3,30,0,0,23,0.046,2.5,84.98,26,1010,N/A
2015,8,4,4,30,0,0,23,0.046,2.3000000000000003,86.23,26,1010,N/A
2015,8,4,5,30,0,0,23,0.046,2.3000000000000003,92.58,26,1010,N/A
2015,8,4,6,30,0,0,23,0.046,2.3000000000000003,93.45,25,1010,N/A
2015,8,4,7,30,0,0,24,0.046,2.3000000000000003,94.25,25,1010,N/A
2015,8,4,8,30,0,0,24,0.046,2.2,95.15,25,1010,N/A
2015,8,4,9,30,0,0,24,0.046,2.1,95.73,25,1010,N/A
2015,8,4,10,30,0,0,24,0.046,2.1,95.98,25,1010,N/A
2015,8,4,11,30,42,145,24,0.046,2.3000000000000003,93.42,26,1010,N/A
2015,8,4,12,30,123,238,25,0.046,2.7,90.86,27,1010,N/A
2015,8,4,13,30,231,192,25,0.046,2.8000000000000003,86.41,28,1010,N/A
2015,8,4,14,30,323,260,25,0.046,2.8000000000000003,86.17,28,1010,N/A
2015,8,4,15,30,355,405,25,0.046,2.8000000000000003,80.60000000000001,29,1010,N/A
2015,8,4,16,30,182,762,25,0.046,2.8000000000000003,80.07000000000001,29,1010,N/A
2015,8,4,17,30,182,776,25,0.046,2.8000000000000003,79.85000000000001,29,1010,N/A
2015,8,4,18,30,474,253,25,0.046,2.8000000000000003,79.88,29,1010,N/A
2015,8,4,19,30,183,731,25,0.046,2.7,79.81,29,1010,N/A
2015,8,4,20,30,255,514,25,0.046,2.6,79.68,29,1010,N/A
2015,8,4,21,30,237,300,25,0.046,2.3000000000000003,84.4,28,1010,N/A
2015,8,4,22,30,141,263,25,0.046,1.9000000000000001,84.63,28,1010,N/A
2015,8,4,23,30,57,236,25,0.046,1.5,89.69,27,1010,N/A
2015,8,5,0,30,0,0,24,0.046,1.3,87.74,27,1010,N/A
2015,8,5,1,30,0,0,24,0.046,1.3,85.85000000000001,27,1010,N/A
2015,8,5,2,30,0,0,24,0.046,1.3,84.29,27,1010,N/A
2015,8,5,3,30,0,0,23,0.046,1.3,88.27,26,1010,N/A
2015,8,5,4,30,0,0,23,0.046,1.2000000000000002,87.77,26,1010,N/A
2015,8,5,5,30,0,0,23,0.046,1.1,87.36,26,1010,N/A
2015,8,5,6,30,0,0,23,0.046,0.9,87.05,26,1010,N/A
2015,8,5,7,30,0,0,23,0.046,0.7000000000000001,86.91,26,1010,N/A
2015,8,5,8,30,0,0,23,0.046,0.5,87.02,26,1010,N/A
2015,8,5,9,30,0,0,23,0.046,0.5,92.5,26,1010,N/A
2015,8,5,10,30,0,0,23,0.046,0.6000000000000001,92.57000000000001,26,1010,N/A
2015,8,5,11,30,40,188,24,0.046,0.7000000000000001,89.52,26,1010,N/A
2015,8,5,12,30,87,509,24,0.046,0.9,87.59,27,1010,N/A
2015,8,5,13,30,111,671,24,0.046,1,81.16,28,1010,N/A
2015,8,5,14,30,126,757,24,0.046,1,74.52,29,1010,N/A
2015,8,5,15,30,136,804,23,0.046,0.8,72.71000000000001,30,1010,N/A
2015,8,5,16,30,143,827,23,0.046,0.5,67.67,30,1010,N/A
2015,8,5,17,30,147,833,23,0.046,0.30000000000000004,63.64,31,1010,N/A
2015,8,5,18,30,454,328,23,0.046,0.4,63.54,31,1010,N/A
2015,8,5,19,30,206,8,23,0.046,0.8,64.9,31,1010,N/A
2015,8,5,20,30,281,447,23,0.046,1.1,70.13,31,1010,N/A
2015,8,5,21,30,210,394,24,0.046,1.2000000000000002,70.37,30,1010,N/A
2015,8,5,22,30,136,292,24,0.046,1.3,75.58,29,1010,N/A
2015,8,5,23,30,56,119,24,0.046,1.3,79.95,28,1010,N/A
2015,8,6,0,30,0,0,24,0.046,1.3,82.77,28,1010,N/A
2015,8,6,1,30,0,0,24,0.046,1.4000000000000001,87.25,27,1010,N/A
2015,8,6,2,30,0,0,24,0.046,1.4000000000000001,86.86,27,1010,N/A
2015,8,6,3,30,0,0,24,0.046,1.2000000000000002,86.12,27,1010,N/A
2015,8,6,4,30,0,0,24,0.046,1,90.45,27,1010,N/A
2015,8,6,5,30,0,0,24,0.046,0.8,89.81,26,1010,N/A
2015,8,6,6,30,0,0,24,0.046,0.6000000000000001,89.49,26,1010,N/A
2015,8,6,7,30,0,0,24,0.046,0.5,89.63,26,1010,N/A
2015,8,6,8,30,0,0,24,0.046,0.6000000000000001,90.07000000000001,26,1010,N/A
2015,8,6,9,30,0,0,24,0.046,0.7000000000000001,90.28,26,1010,N/A
2015,8,6,10,30,0,0,24,0.046,0.8,90.18,26,1010,N/A
2015,8,6,11,30,36,240,24,0.046,0.8,92.82000000000001,26,1010,N/A
2015,8,6,12,30,76,554,25,0.046,0.9,89.33,27,1010,N/A
2015,8,6,13,30,96,704,24,0.046,1.1,82.54,28,1010,N/A
2015,8,6,14,30,110,783,24,0.046,1.5,76.98,29,1010,N/A
2015,8,6,15,30,127,814,24,0.046,1.9000000000000001,77.31,29,1010,N/A
2015,8,6,16,30,132,840,24,0.046,2.3000000000000003,73.83,30,1010,N/A
2015,8,6,17,30,318,17,25,0.046,2.7,74.74,30,1010,N/A
2015,8,6,18,30,131,845,25,0.046,3,75.3,30,1010,N/A
2015,8,6,19,30,124,828,25,0.046,3.1,75.61,30,1010,N/A
2015,8,6,20,30,113,792,25,0.046,3,80.16,29,1010,N/A
2015,8,6,21,30,99,726,25,0.046,2.8000000000000003,80.29,29,1010,N/A
2015,8,6,22,30,79,603,25,0.046,2.3000000000000003,85.47,28,1010,N/A
2015,8,6,23,30,45,340,25,0.046,1.9000000000000001,90.66,27,1010,N/A
2015,8,7,0,30,0,0,25,0.046,1.6,89.44,27,1010,N/A
2015,8,7,1,30,0,0,24,0.046,1.6,88.06,27,1010,N/A
2015,8,7,2,30,0,0,24,0.046,1.7000000000000002,92.41,26,1010,N/A
2015,8,7,3,30,0,0,24,0.046,1.8,92.19,26,1010,N/A
2015,8,7,4,30,0,0,24,0.046,1.9000000000000001,92.27,26,1010,N/A
2015,8,7,5,30,0,0,24,0.046,2,92.28,26,1010,N/A
2015,8,7,6,30,0,0,24,0.046,2.1,92.44,26,1010,N/A
2015,8,7,7,30,0,0,24,0.046,2.2,92.61,26,1010,N/A
2015,8,7,8,30,0,0,24,0.046,2.3000000000000003,92.8,26,1010,N/A
2015,8,7,9,30,0,0,24,0.046,2.2,92.92,26,1010,N/A
2015,8,7,10,30,0,0,24,0.046,2.2,93.02,26,1010,N/A
2015,8,7,11,30,37,205,25,0.046,2.4000000000000004,90.3,27,1010,N/A
2015,8,7,12,30,8,0,25,0.046,2.9000000000000004,88.59,28,1010,N/A
2015,8,7,13,30,205,33,25,0.046,3.3000000000000003,88.22,28,1010,N/A
2015,8,7,14,30,130,743,25,0.046,3.6,82.93,29,1010,N/A
2015,8,7,15,30,159,760,25,0.046,3.9000000000000004,83.13,29,1010,N/A
2015,8,7,16,30,463,98,25,0.046,4.2,83.33,29,1010,N/A
2015,8,7,17,30,337,19,25,0.046,4.5,83.42,30,1010,N/A
2015,8,7,18,30,471,261,25,0.046,4.6000000000000005,83.31,29,1010,N/A
2015,8,7,19,30,399,63,25,0.046,4.5,82.96000000000001,29,1010,N/A
2015,8,7,20,30,313,369,25,0.046,4.3,82.59,29,1010,N/A
2015,8,7,21,30,124,660,25,0.046,3.9000000000000004,87.19,28,1010,N/A
2015,8,7,22,30,97,526,25,0.046,3.4000000000000004,87.45,28,1010,N/A
2015,8,7,23,30,52,255,25,0.046,3,93.45,27,1010,N/A
2015,8,8,0,30,0,0,25,0.046,2.9000000000000004,91.96000000000001,27,1010,N/A
2015,8,8,1,30,0,0,25,0.046,2.9000000000000004,91.36,27,1010,N/A
2015,8,8,2,30,0,0,25,0.046,2.8000000000000003,91,27,1010,N/A
2015,8,8,3,30,0,0,25,0.046,2.7,90.95,27,1010,N/A
2015,8,8,4,30,0,0,25,0.046,2.7,96.89,27,1010,N/A
2015,8,8,5,30,0,0,25,0.046,2.7,97.46000000000001,27,1010,N/A
2015,8,8,6,30,0,0,25,0.046,2.7,98.13,27,1010,N/A
2015,8,8,7,30,0,0,25,0.046,2.8000000000000003,93.4,27,1010,N/A
2015,8,8,8,30,0,0,26,0.046,2.9000000000000004,94.68,27,1010,N/A
2015,8,8,9,30,0,0,26,0.046,2.8000000000000003,95.5,27,1010,N/A
2015,8,8,10,30,0,0,26,0.046,2.8000000000000003,95.76,27,1010,N/A
2015,8,8,11,30,40,109,26,0.046,3,96.99000000000001,27,1010,N/A
2015,8,8,12,30,127,146,26,0.046,3.3000000000000003,93.54,28,1010,N/A
2015,8,8,13,30,229,195,27,0.046,3.6,95.06,28,1010,N/A
2015,8,8,14,30,330,203,27,0.046,3.8000000000000003,96.01,28,1010,N/A
2015,8,8,15,30,122,0,27,0.046,4.1000000000000005,95.46000000000001,28,1010,N/A
2015,8,8,16,30,65,0,27,0.046,4.2,94.38,28,1010,N/A
2015,8,8,17,30,100,0,26,0.046,4.3,93.3,28,1010,N/A
2015,8,8,18,30,263,13,26,0.046,4.2,92.42,28,1010,N/A
2015,8,8,19,30,431,140,26,0.046,4,97.57000000000001,28,1010,N/A
2015,8,8,20,30,305,393,26,0.046,3.7,97.42,27,1010,N/A
2015,8,8,21,30,246,86,26,0.046,3.4000000000000004,97.4,27,1010,N/A
2015,8,8,22,30,147,111,26,0.046,2.9000000000000004,97.32000000000001,27,1010,N/A
2015,8,8,23,30,54,33,26,0.046,2.3000000000000003,100,26,1010,N/A
2015,8,9,0,30,0,0,26,0.046,2,100,26,1010,N/A
2015,8,9,1,30,0,0,25,0.046,2.2,99.05,26,1010,N/A
2015,8,9,2,30,0,0,25,0.046,2.4000000000000004,98.42,26,1010,N/A
2015,8,9,3,30,0,0,25,0.046,2.4000000000000004,97.85000000000001,26,1010,N/A
2015,8,9,4,30,0,0,25,0.046,2,96.92,26,1010,N/A
2015,8,9,5,30,0,0,25,0.046,1.7000000000000002,95.7,26,1010,N/A
2015,8,9,6,30,0,0,24,0.046,1.3,94.09,26,1010,N/A
2015,8,9,7,30,0,0,24,0.046,1,92.64,26,1010,N/A
2015,8,9,8,30,0,0,24,0.046,0.8,91.60000000000001,26,1010,N/A
2015,8,9,9,30,0,0,24,0.046,0.6000000000000001,91.26,26,1010,N/A
2015,8,9,10,30,0,0,24,0.046,0.4,91.29,26,1010,N/A
2015,8,9,11,30,38,165,24,0.046,0.2,88.78,27,1010,N/A
2015,8,9,12,30,88,499,25,0.046,0.30000000000000004,84.95,28,1010,N/A
2015,8,9,13,30,113,664,24,0.046,0.5,82.64,29,1010,N/A
2015,8,9,14,30,128,752,24,0.046,0.4,77.52,29,1010,N/A
2015,8,9,15,30,151,781,24,0.046,0.30000000000000004,73.61,30,1010,N/A
2015,8,9,16,30,157,809,24,0.046,0.4,73.94,30,1010,N/A
2015,8,9,17,30,161,815,24,0.046,0.7000000000000001,70.47,31,1010,N/A
2015,8,9,18,30,157,812,25,0.046,1,71.23,31,1010,N/A
2015,8,9,19,30,155,780,25,0.046,1.2000000000000002,76.23,31,1010,N/A
2015,8,9,20,30,148,726,25,0.046,1.4000000000000001,76.8,30,1010,N/A
2015,8,9,21,30,134,634,25,0.046,1.5,78.09,30,1010,N/A
2015,8,9,22,30,131,305,26,0.046,1.5,84.7,29,1010,N/A
2015,8,9,23,30,40,0,26,0.046,1.3,89.58,28,1010,N/A
2015,8,10,0,30,0,0,26,0.046,1.1,98.8,28,1010,N/A
2015,8,10,1,30,0,0,26,0.046,1,97.96000000000001,27,1010,N/A
2015,8,10,2,30,0,0,26,0.046,1.2000000000000002,96.93,27,1010,N/A
2015,8,10,3,30,0,0,26,0.046,1.7000000000000002,95.68,27,1010,N/A
2015,8,10,4,30,0,0,26,0.046,2.1,100,26,1010,N/A
2015,8,10,5,30,0,0,25,0.046,2.3000000000000003,98.74000000000001,26,1010,N/A
2015,8,10,6,30,0,0,25,0.046,2.2,100,26,1010,N/A
2015,8,10,7,30,0,0,25,0.046,2.1,100,25,1010,N/A
2015,8,10,8,30,0,0,25,0.046,1.9000000000000001,100,25,1010,N/A
2015,8,10,9,30,0,0,24,0.046,1.8,98.87,25,1010,N/A
2015,8,10,10,30,0,0,24,0.046,2,97.81,25,1010,N/A
2015,8,10,11,30,35,209,24,0.046,2.4000000000000004,99.86,25,1010,N/A
2015,8,10,12,30,120,231,25,0.046,2.6,96.41,26,1010,N/A
2015,8,10,13,30,100,699,25,0.046,2.7,91.47,27,1010,N/A
2015,8,10,14,30,112,786,25,0.046,2.6,85.54,28,1010,N/A
2015,8,10,15,30,384,348,25,0.046,2.3000000000000003,79.53,29,1010,N/A
2015,8,10,16,30,413,384,24,0.046,1.9000000000000001,73.71000000000001,30,1010,N/A
2015,8,10,17,30,129,863,24,0.046,1.6,68.56,31,1010,N/A
2015,8,10,18,30,152,820,24,0.046,1.3,67.61,31,1010,N/A
2015,8,10,19,30,148,795,24,0.046,1,66.6,31,1010,N/A
2015,8,10,20,30,139,747,23,0.046,0.8,65.58,31,1010,N/A
2015,8,10,21,30,123,665,23,0.046,0.6000000000000001,65.4,31,1010,N/A
2015,8,10,22,30,96,523,24,0.046,0.6000000000000001,71.02,30,1010,N/A
2015,8,10,23,30,49,249,24,0.046,0.7000000000000001,75.8,29,1010,N/A
2015,8,11,0,30,0,0,25,0.046,0.8,84.58,28,1010,N/A
2015,8,11,1,30,0,0,25,0.046,1,84.55,28,1010,N/A
2015,8,11,2,30,0,0,25,0.046,1.4000000000000001,90.05,27,1010,N/A
2015,8,11,3,30,0,0,25,0.046,1.8,90.45,27,1010,N/A
2015,8,11,4,30,0,0,25,0.046,2.2,96.02,26,1010,N/A
2015,8,11,5,30,0,0,25,0.046,2.3000000000000003,95.9,26,1010,N/A
2015,8,11,6,30,0,0,25,0.046,2.2,95.72,26,1010,N/A
2015,8,11,7,30,0,0,25,0.046,2.1,95.52,26,1010,N/A
2015,8,11,8,30,0,0,25,0.046,1.8,95.37,26,1010,N/A
2015,8,11,9,30,0,0,25,0.046,1.5,95.17,26,1010,N/A
2015,8,11,10,30,0,0,25,0.046,1.1,94.92,26,1010,N/A
2015,8,11,11,30,34,203,25,0.046,0.9,97.35000000000001,26,1010,N/A
2015,8,11,12,30,82,521,25,0.046,0.7000000000000001,93.94,28,1010,N/A
2015,8,11,13,30,228,185,25,0.046,0.6000000000000001,87.34,29,1010,N/A
2015,8,11,14,30,28,0,25,0.046,0.8,81.41,30,1010,N/A
2015,8,11,15,30,148,1,25,0.046,1.2000000000000002,76.41,30,1010,N/A
2015,8,11,16,30,409,391,25,0.046,1.6,76.94,31,1010,N/A
2015,8,11,17,30,489,235,25,0.046,1.9000000000000001,73.29,31,1010,N/A
2015,8,11,18,30,461,286,25,0.046,2.2,78.09,30,1010,N/A
2015,8,11,19,30,426,127,25,0.046,2.5,78.37,30,1010,N/A
2015,8,11,20,30,259,491,25,0.046,2.7,78.63,30,1010,N/A
2015,8,11,21,30,199,435,25,0.046,2.7,83.62,29,1010,N/A
2015,8,11,22,30,144,136,26,0.046,2.4000000000000004,89.57000000000001,29,1010,N/A
2015,8,11,23,30,45,0,26,0.046,2.1,89.76,28,1010,N/A
2015,8,12,0,30,0,0,26,0.046,2,94.31,27,1010,N/A
2015,8,12,1,30,0,0,25,0.046,2,93.12,27,1010,N/A
2015,8,12,2,30,0,0,25,0.046,2,92.18,27,1010,N/A
2015,8,12,3,30,0,0,25,0.046,1.9000000000000001,91.42,27,1010,N/A
2015,8,12,4,30,0,0,25,0.046,1.9000000000000001,90.89,27,1010,N/A
2015,8,12,5,30,0,0,25,0.046,1.9000000000000001,90.34,27,1010,N/A
2015,8,12,6,30,0,0,25,0.046,1.9000000000000001,89.89,27,1010,N/A
2015,8,12,7,30,0,0,25,0.046,1.9000000000000001,89.64,27,1010,N/A
2015,8,12,8,30,0,0,25,0.046,1.9000000000000001,89.51,27,1010,N/A
2015,8,12,9,30,0,0,25,0.046,1.8,89.35000000000001,27,1010,N/A
2015,8,12,10,30,0,0,25,0.046,1.7000000000000002,89.17,27,1010,N/A
2015,8,12,11,30,31,247,25,0.046,1.9000000000000001,92.35000000000001,27,1010,N/A
2015,8,12,12,30,70,573,26,0.046,2.2,89.18,28,1010,N/A
2015,8,12,13,30,221,74,25,0.046,2.2,82.63,29,1010,N/A
2015,8,12,14,30,302,334,25,0.046,2.2,82.4,29,1010,N/A
2015,8,12,15,30,394,300,25,0.046,2.4000000000000004,78.06,30,1010,N/A
2015,8,12,16,30,123,854,25,0.046,2.7,78.24,30,1010,N/A
2015,8,12,17,30,473,297,25,0.046,3,78.64,30,1010,N/A
2015,8,12,18,30,435,353,25,0.046,3.5,78.9,30,1010,N/A
2015,8,12,19,30,122,829,25,0.046,3.8000000000000003,79.08,30,1010,N/A
2015,8,12,20,30,326,307,25,0.046,3.8000000000000003,83.76,30,1010,N/A
2015,8,12,21,30,223,330,25,0.046,3.6,83.4,29,1010,N/A
2015,8,12,22,30,133,256,25,0.046,3,88.35000000000001,28,1010,N/A
2015,8,12,23,30,42,303,26,0.046,2.3000000000000003,94.53,28,1010,N/A
2015,8,13,0,30,0,0,25,0.042,2,93.06,27,1010,N/A
2015,8,13,1,30,0,0,25,0.042,1.9000000000000001,92.01,27,1010,N/A
2015,8,13,2,30,0,0,25,0.042,1.9000000000000001,91.16,27,1010,N/A
2015,8,13,3,30,0,0,25,0.042,2,90.84,27,1010,N/A
2015,8,13,4,30,0,0,25,0.042,2.1,90.93,27,1010,N/A
2015,8,13,5,30,0,0,25,0.042,2.1,90.93,27,1010,N/A
2015,8,13,6,30,0,0,25,0.042,2.1,90.87,27,1010,N/A
2015,8,13,7,30,0,0,25,0.042,2.1,90.77,27,1010,N/A
2015,8,13,8,30,0,0,25,0.042,2,90.61,27,1010,N/A
2015,8,13,9,30,0,0,25,0.042,1.9000000000000001,90.43,27,1010,N/A
2015,8,13,10,30,0,0,25,0.042,1.8,90.21000000000001,27,1010,N/A
2015,8,13,11,30,33,188,25,0.042,1.9000000000000001,92,27,1010,N/A
2015,8,13,12,30,102,368,26,0.042,2.1,89.47,28,1010,N/A
2015,8,13,13,30,177,454,25,0.042,2.1,83.86,29,1010,N/A
2015,8,13,14,30,322,242,25,0.042,2,82.29,29,1010,N/A
2015,8,13,15,30,374,365,25,0.042,2,77.75,30,1010,N/A
2015,8,13,16,30,151,807,25,0.042,2,78.08,30,1010,N/A
2015,8,13,17,30,475,286,25,0.042,2,78.21000000000001,30,1010,N/A
2015,8,13,18,30,454,307,25,0.042,2,77.86,30,1010,N/A
2015,8,13,19,30,215,9,25,0.042,2,82.28,30,1010,N/A
2015,8,13,20,30,91,0,25,0.042,1.8,82.45,29,1010,N/A
2015,8,13,21,30,154,0,25,0.042,1.5,82.82000000000001,29,1010,N/A
2015,8,13,22,30,114,0,25,0.042,1.2000000000000002,85.63,28,1010,N/A
2015,8,13,23,30,34,0,25,0.042,1,90.31,27,1010,N/A
2015,8,14,0,30,0,0,25,0.042,1,89.44,27,1010,N/A
2015,8,14,1,30,0,0,24,0.042,1.1,94.13,27,1010,N/A
2015,8,14,2,30,0,0,24,0.042,1.2000000000000002,93.84,26,1010,N/A
2015,8,14,3,30,0,0,24,0.042,1.4000000000000001,93.27,26,1010,N/A
2015,8,14,4,30,0,0,24,0.042,1.6,98.46000000000001,26,1010,N/A
2015,8,14,5,30,0,0,24,0.042,1.7000000000000002,97.9,25,1010,N/A
2015,8,14,6,30,0,0,24,0.042,1.6,97.32000000000001,25,1010,N/A
2015,8,14,7,30,0,0,24,0.042,1.5,96.60000000000001,25,1010,N/A
2015,8,14,8,30,0,0,24,0.042,1.3,95.75,25,1010,N/A
2015,8,14,9,30,0,0,24,0.042,1.3,94.73,25,1010,N/A
2015,8,14,10,30,0,0,23,0.042,1.4000000000000001,94.05,25,1010,N/A
2015,8,14,11,30,32,87,24,0.042,1.7000000000000002,94.96000000000001,25,1010,N/A
2015,8,14,12,30,123,82,24,0.042,2,96.43,25,1010,N/A
2015,8,14,13,30,105,673,24,0.042,2,91.8,26,1010,N/A
2015,8,14,14,30,254,467,24,0.042,2,86.48,27,1010,N/A
2015,8,14,15,30,396,290,24,0.042,1.9000000000000001,86.36,27,1010,N/A
2015,8,14,16,30,442,332,24,0.042,1.8,81.43,28,1010,N/A
2015,8,14,17,30,493,140,24,0.042,1.6,81.25,28,1010,N/A
2015,8,14,18,30,467,256,24,0.042,1.5,81.19,28,1010,N/A
2015,8,14,19,30,417,249,24,0.042,1.2000000000000002,81.17,29,1010,N/A
2015,8,14,20,30,309,358,24,0.042,1.2000000000000002,81.74,28,1010,N/A
2015,8,14,21,30,229,288,24,0.042,1.3,81.32000000000001,28,1010,N/A
2015,8,14,22,30,140,131,24,0.042,1.2000000000000002,84.34,27,1010,N/A
2015,8,14,23,30,45,212,24,0.042,1.1,86.24,27,1010,N/A
2015,8,15,0,30,0,0,24,0.042,1.1,88.84,26,1010,N/A
2015,8,15,1,30,0,0,23,0.042,1.2000000000000002,87.85000000000001,26,1010,N/A
2015,8,15,2,30,0,0,23,0.042,1.2000000000000002,87.01,26,1010,N/A
2015,8,15,3,30,0,0,23,0.042,1.2000000000000002,91.69,25,1010,N/A
2015,8,15,4,30,0,0,23,0.042,1.3,91.61,25,1010,N/A
2015,8,15,5,30,0,0,23,0.042,1.4000000000000001,91.68,25,1010,N/A
2015,8,15,6,30,0,0,23,0.042,1.4000000000000001,91.84,25,1010,N/A
2015,8,15,7,30,0,0,23,0.042,1.4000000000000001,97.56,25,1010,N/A
2015,8,15,8,30,0,0,23,0.042,1.3,97.38,25,1010,N/A
2015,8,15,9,30,0,0,23,0.042,1.2000000000000002,97.10000000000001,25,1010,N/A
2015,8,15,10,30,0,0,23,0.042,1.1,96.71000000000001,25,1010,N/A
2015,8,15,11,30,31,99,23,0.042,1.1,92.54,25,1010,N/A
2015,8,15,12,30,83,502,24,0.042,1.1,94.52,26,1010,N/A
2015,8,15,13,30,109,661,24,0.042,1.1,89.4,27,1010,N/A
2015,8,15,14,30,292,366,23,0.042,1,83.57000000000001,27,1010,N/A
2015,8,15,15,30,410,215,23,0.042,0.9,78.15,28,1010,N/A
2015,8,15,16,30,411,383,23,0.042,0.8,77.64,29,1010,N/A
2015,8,15,17,30,427,389,23,0.042,0.8,73.61,29,1010,N/A
2015,8,15,18,30,394,441,23,0.042,0.8,73.17,29,1010,N/A
2015,8,15,19,30,139,0,23,0.042,0.8,72.45,29,1010,N/A
2015,8,15,20,30,308,359,23,0.042,0.9,72.17,29,1010,N/A
2015,8,15,21,30,19,0,23,0.042,1,70.81,29,1010,N/A
2015,8,15,22,30,9,0,22,0.042,1,74.16,28,1010,N/A
2015,8,15,23,30,35,0,23,0.042,1,82.27,27,1010,N/A
2015,8,16,0,30,0,0,23,0.042,1.2000000000000002,87.07000000000001,26,1010,N/A
2015,8,16,1,30,0,0,23,0.042,1.5,86.69,26,1010,N/A
2015,8,16,2,30,0,0,23,0.042,1.8,91.93,25,1010,N/A
2015,8,16,3,30,0,0,23,0.042,1.9000000000000001,92.45,25,1010,N/A
2015,8,16,4,30,0,0,23,0.042,1.9000000000000001,93.33,25,1010,N/A
2015,8,16,5,30,0,0,23,0.042,1.8,93.93,25,1010,N/A
2015,8,16,6,30,0,0,24,0.042,1.7000000000000002,94.23,25,1010,N/A
2015,8,16,7,30,0,0,23,0.042,1.5,99.97,25,1010,N/A
2015,8,16,8,30,0,0,23,0.042,1.5,99.78,25,1010,N/A
2015,8,16,9,30,0,0,23,0.042,1.5,99.75,25,1010,N/A
2015,8,16,10,30,0,0,24,0.042,1.8,100,25,1010,N/A
2015,8,16,11,30,33,151,24,0.042,2.3000000000000003,96.32000000000001,25,1010,N/A
2015,8,16,12,30,87,477,24,0.042,2.7,93.45,26,1010,N/A
2015,8,16,13,30,114,648,25,0.042,2.8000000000000003,95.25,26,1010,N/A
2015,8,16,14,30,128,743,25,0.042,2.9000000000000004,90.94,27,1010,N/A
2015,8,16,15,30,125,816,25,0.042,2.8000000000000003,85.60000000000001,28,1010,N/A
2015,8,16,16,30,128,844,25,0.042,2.6,85.44,28,1010,N/A
2015,8,16,17,30,129,855,25,0.042,2.3000000000000003,80.23,29,1010,N/A
2015,8,16,18,30,409,397,25,0.042,2,79.75,29,1010,N/A
2015,8,16,19,30,423,201,25,0.042,1.7000000000000002,74.74,30,1010,N/A
2015,8,16,20,30,71,0,24,0.042,1.3,74.42,30,1010,N/A
2015,8,16,21,30,234,74,25,0.042,0.9,79.23,29,1010,N/A
2015,8,16,22,30,18,0,24,0.042,0.6000000000000001,77.87,29,1010,N/A
2015,8,16,23,30,1,0,24,0.042,0.4,83.45,28,1010,N/A
2015,8,17,0,30,0,0,24,0.042,0.4,88.05,27,1010,N/A
2015,8,17,1,30,0,0,25,0.042,0.8,89.05,27,1010,N/A
2015,8,17,2,30,0,0,25,0.042,1.2000000000000002,95.31,26,1010,N/A
2015,8,17,3,30,0,0,25,0.042,1.5,95.31,26,1010,N/A
2015,8,17,4,30,0,0,25,0.042,1.8,95.09,26,1010,N/A
2015,8,17,5,30,0,0,25,0.042,2,94.9,26,1010,N/A
2015,8,17,6,30,0,0,25,0.042,2.1,100,26,1010,N/A
2015,8,17,7,30,0,0,25,0.042,2.2,100,25,1010,N/A
2015,8,17,8,30,0,0,25,0.042,2.3000000000000003,100,25,1010,N/A
2015,8,17,9,30,0,0,25,0.042,2.2,100,25,1010,N/A
2015,8,17,10,30,0,0,24,0.042,2.1,99.95,25,1010,N/A
2015,8,17,11,30,32,171,25,0.042,2.4000000000000004,95.36,26,1010,N/A
2015,8,17,12,30,79,514,25,0.042,2.5,97.51,26,1010,N/A
2015,8,17,13,30,213,274,25,0.042,2.5,93.15,27,1010,N/A
2015,8,17,14,30,213,575,25,0.042,2.5,93.29,27,1010,N/A
2015,8,17,15,30,124,816,25,0.042,2.3000000000000003,87.75,28,1010,N/A
2015,8,17,16,30,130,839,25,0.042,1.9000000000000001,82.63,29,1010,N/A
2015,8,17,17,30,431,378,25,0.042,1.4000000000000001,81.96000000000001,29,1010,N/A
2015,8,17,18,30,156,803,25,0.042,0.9,76.36,30,1010,N/A
2015,8,17,19,30,157,766,25,0.042,0.6000000000000001,75.11,30,1010,N/A
2015,8,17,20,30,151,705,25,0.042,0.8,75.19,30,1010,N/A
2015,8,17,21,30,210,361,25,0.042,1.2000000000000002,79.21000000000001,29,1010,N/A
2015,8,17,22,30,108,397,24,0.042,1.4000000000000001,83.23,28,1010,N/A
2015,8,17,23,30,44,81,25,0.042,1.5,91.83,27,1010,N/A
2015,8,18,0,30,0,0,25,0.042,1.9000000000000001,91.08,27,1010,N/A
2015,8,18,1,30,0,0,25,0.042,2.3000000000000003,90.85000000000001,27,1010,N/A
2015,8,18,2,30,0,0,25,0.042,2.8000000000000003,96.57000000000001,26,1010,N/A
2015,8,18,3,30,0,0,25,0.042,3,97.32000000000001,26,1010,N/A
2015,8,18,4,30,0,0,25,0.042,2.9000000000000004,97.91,26,1010,N/A
2015,8,18,5,30,0,0,25,0.042,2.5,97.94,26,1010,N/A
2015,8,18,6,30,0,0,25,0.042,2,100,26,1010,N/A
2015,8,18,7,30,0,0,25,0.042,1.7000000000000002,100,25,1010,N/A
2015,8,18,8,30,0,0,25,0.042,1.5,100,25,1010,N/A
2015,8,18,9,30,0,0,25,0.042,1.2000000000000002,100,25,1010,N/A
2015,8,18,10,30,0,0,24,0.042,1.1,99.69,25,1010,N/A
2015,8,18,11,30,31,172,25,0.042,1.3,95.64,26,1010,N/A
2015,8,18,12,30,85,465,25,0.042,1.6,98.68,27,1010,N/A
2015,8,18,13,30,210,286,25,0.042,1.8,93.83,27,1010,N/A
2015,8,18,14,30,118,762,25,0.042,1.9000000000000001,87.65,28,1010,N/A
2015,8,18,15,30,124,816,25,0.042,1.9000000000000001,82.4,29,1010,N/A
2015,8,18,16,30,130,839,25,0.042,1.7000000000000002,82.23,29,1010,N/A
2015,8,18,17,30,134,845,25,0.042,1.4000000000000001,77.31,30,1010,N/A
2015,8,18,18,30,397,422,25,0.042,1,76.8,30,1010,N/A
2015,8,18,19,30,417,113,25,0.042,0.7000000000000001,76.27,30,1010,N/A
2015,8,18,20,30,269,453,25,0.042,0.4,76.42,30,1010,N/A
2015,8,18,21,30,222,298,25,0.042,0.5,76.57000000000001,30,1010,N/A
2015,8,18,22,30,121,297,25,0.042,0.6000000000000001,80.02,29,1010,N/A
2015,8,18,23,30,41,129,25,0.042,0.7000000000000001,83.22,29,1010,N/A
2015,8,19,0,30,0,0,25,0.042,0.9,86.49,28,1010,N/A
2015,8,19,1,30,0,0,25,0.042,1,87.39,28,1010,N/A
2015,8,19,2,30,0,0,25,0.042,1,93.23,27,1010,N/A
2015,8,19,3,30,0,0,25,0.042,1.1,92.96000000000001,27,1010,N/A
2015,8,19,4,30,0,0,25,0.042,1.2000000000000002,97.75,27,1010,N/A
2015,8,19,5,30,0,0,25,0.042,1.5,97.18,26,1010,N/A
2015,8,19,6,30,0,0,25,0.042,1.8,97.01,26,1010,N/A
2015,8,19,7,30,0,0,25,0.042,1.9000000000000001,97.17,26,1010,N/A
2015,8,19,8,30,0,0,25,0.042,1.9000000000000001,97.35000000000001,26,1010,N/A
2015,8,19,9,30,0,0,25,0.042,1.8,97.53,26,1010,N/A
2015,8,19,10,30,0,0,25,0.042,1.8,97.61,26,1010,N/A
2015,8,19,11,30,28,179,25,0.042,2.1,99.13,26,1010,N/A
2015,8,19,12,30,76,520,26,0.042,2.4000000000000004,96.07000000000001,27,1010,N/A
2015,8,19,13,30,215,253,26,0.042,2.4000000000000004,97.78,28,1010,N/A
2015,8,19,14,30,114,765,26,0.042,2.3000000000000003,92.32000000000001,28,1010,N/A
2015,8,19,15,30,123,813,26,0.042,2,92.07000000000001,29,1010,N/A
2015,8,19,16,30,128,840,26,0.042,1.6,86.55,29,1010,N/A
2015,8,19,17,30,129,849,26,0.042,1.3,85.98,29,1010,N/A
2015,8,19,18,30,125,847,26,0.042,1,80.44,30,1010,N/A
2015,8,19,19,30,385,348,26,0.042,0.6000000000000001,79.4,30,1010,N/A
2015,8,19,20,30,307,51,25,0.042,0.4,78.66,30,1010,N/A
2015,8,19,21,30,235,203,25,0.042,0.30000000000000004,78.88,30,1010,N/A
2015,8,19,22,30,133,88,25,0.042,0.4,82.07000000000001,29,1010,N/A
2015,8,19,23,30,10,0,25,0.042,0.6000000000000001,82.11,29,1010,N/A
2015,8,20,0,30,0,0,25,0.042,0.9,85.62,28,1010,N/A
2015,8,20,1,30,0,0,25,0.042,1.2000000000000002,86.92,28,1010,N/A
2015,8,20,2,30,0,0,25,0.042,1.5,93.57000000000001,27,1010,N/A
2015,8,20,3,30,0,0,25,0.042,1.8,93.9,27,1010,N/A
2015,8,20,4,30,0,0,25,0.042,2,99.28,27,1010,N/A
2015,8,20,5,30,0,0,25,0.042,2.1,99.02,26,1010,N/A
2015,8,20,6,30,0,0,25,0.042,2,98.78,26,1010,N/A
2015,8,20,7,30,0,0,25,0.042,1.8,98.74000000000001,26,1010,N/A
2015,8,20,8,30,0,0,25,0.042,1.6,98.78,26,1010,N/A
2015,8,20,9,30,0,0,25,0.042,1.4000000000000001,98.69,26,1010,N/A
2015,8,20,10,30,0,0,25,0.042,1.3,98.63,26,1010,N/A
2015,8,20,11,30,31,142,25,0.042,1.4000000000000001,99.95,26,1010,N/A
2015,8,20,12,30,82,489,26,0.042,1.5,96.94,27,1010,N/A
2015,8,20,13,30,108,657,26,0.042,1.4000000000000001,92.46000000000001,28,1010,N/A
2015,8,20,14,30,124,745,26,0.042,1.2000000000000002,92.17,28,1010,N/A
2015,8,20,15,30,134,796,26,0.042,1.1,86.68,29,1010,N/A
2015,8,20,16,30,142,818,26,0.042,1.2000000000000002,86.76,30,1010,N/A
2015,8,20,17,30,147,823,26,0.042,1.4000000000000001,82.06,30,1010,N/A
2015,8,20,18,30,389,445,26,0.042,1.7000000000000002,82.22,30,1010,N/A
2015,8,20,19,30,418,204,26,0.042,1.9000000000000001,82.77,30,1010,N/A
2015,8,20,20,30,321,289,26,0.042,2,88.85000000000001,29,1010,N/A
2015,8,20,21,30,234,200,26,0.042,1.9000000000000001,88.88,29,1010,N/A
2015,8,20,22,30,71,0,26,0.042,1.7000000000000002,92.61,28,1010,N/A
2015,8,20,23,30,27,0,26,0.042,1.4000000000000001,93.47,28,1010,N/A
2015,8,21,0,30,0,0,26,0.045,1.2000000000000002,91.05,28,1010,N/A
2015,8,21,1,30,0,0,26,0.045,1,89.46000000000001,28,1010,N/A
2015,8,21,2,30,0,0,25,0.045,0.8,88.01,28,1010,N/A
2015,8,21,3,30,0,0,25,0.045,0.8,92.55,28,1010,N/A
2015,8,21,4,30,0,0,25,0.045,0.7000000000000001,92.08,27,1010,N/A
2015,8,21,5,30,0,0,25,0.045,0.5,91.67,27,1010,N/A
2015,8,21,6,30,0,0,25,0.045,0.30000000000000004,91.3,27,1010,N/A
2015,8,21,7,30,0,0,25,0.045,0.5,91.18,27,1010,N/A
2015,8,21,8,30,0,0,25,0.045,0.8,91.37,27,1010,N/A
2015,8,21,9,30,0,0,25,0.045,0.9,96.91,27,1010,N/A
2015,8,21,10,30,0,0,25,0.045,0.9,96.53,27,1010,N/A
2015,8,21,11,30,29,163,25,0.045,0.9,91.99,27,1010,N/A
2015,8,21,12,30,79,501,26,0.045,1,94.86,28,1010,N/A
2015,8,21,13,30,106,660,25,0.045,1.2000000000000002,88.65,28,1010,N/A
2015,8,21,14,30,128,738,25,0.045,1.3,82.7,29,1010,N/A
2015,8,21,15,30,144,780,25,0.045,1.4000000000000001,83.15,29,1010,N/A
2015,8,21,16,30,154,802,25,0.045,1.3,78.60000000000001,30,1010,N/A
2015,8,21,17,30,159,807,25,0.045,1.3,78.32000000000001,30,1010,N/A
2015,8,21,18,30,146,816,25,0.045,1.3,78.39,30,1010,N/A
2015,8,21,19,30,143,788,25,0.045,1.4000000000000001,78.82000000000001,30,1010,N/A
2015,8,21,20,30,307,339,26,0.045,1.5,79.74,30,1010,N/A
2015,8,21,21,30,136,603,26,0.045,1.5,85.8,29,1010,N/A
2015,8,21,22,30,125,225,26,0.045,1.5,84.83,29,1010,N/A
2015,8,21,23,30,38,73,26,0.045,1.4000000000000001,92.4,28,1010,N/A
2015,8,22,0,30,0,0,26,0.045,1.5,90.95,28,1010,N/A
2015,8,22,1,30,0,0,26,0.045,1.5,90.68,28,1010,N/A
2015,8,22,2,30,0,0,26,0.045,1.4000000000000001,95.7,28,1010,N/A
2015,8,22,3,30,0,0,26,0.045,1.3,95.02,27,1010,N/A
2015,8,22,4,30,0,0,25,0.045,1.2000000000000002,94.11,27,1010,N/A
2015,8,22,5,30,0,0,25,0.045,1.1,93.25,27,1010,N/A
2015,8,22,6,30,0,0,25,0.045,1,92.51,27,1010,N/A
2015,8,22,7,30,0,0,25,0.045,0.9,91.85000000000001,27,1010,N/A
2015,8,22,8,30,0,0,25,0.045,0.8,91.45,27,1010,N/A
2015,8,22,9,30,0,0,25,0.045,0.7000000000000001,91.08,27,1010,N/A
2015,8,22,10,30,0,0,25,0.045,0.7000000000000001,91,27,1010,N/A
2015,8,22,11,30,29,138,25,0.045,0.7000000000000001,91.84,27,1010,N/A
2015,8,22,12,30,86,466,26,0.045,0.8,89.94,28,1010,N/A
2015,8,22,13,30,116,635,26,0.045,0.9,90.11,28,1010,N/A
2015,8,22,14,30,133,728,25,0.045,0.8,83.29,29,1010,N/A
2015,8,22,15,30,149,772,25,0.045,0.8,77.96000000000001,30,1010,N/A
2015,8,22,16,30,158,798,25,0.045,0.9,73.39,31,1010,N/A
2015,8,22,17,30,162,804,25,0.045,1.1,73.69,31,1010,N/A
2015,8,22,18,30,386,457,25,0.045,1.4000000000000001,74.3,31,1010,N/A
2015,8,22,19,30,401,283,26,0.045,1.6,75.08,31,1010,N/A
2015,8,22,20,30,158,689,26,0.045,1.7000000000000002,76.33,31,1010,N/A
2015,8,22,21,30,95,0,26,0.045,1.7000000000000002,82.41,30,1010,N/A
2015,8,22,22,30,91,0,26,0.045,1.7000000000000002,85.60000000000001,29,1010,N/A
2015,8,22,23,30,26,0,26,0.045,1.5,87.51,29,1010,N/A
2015,8,23,0,30,0,0,26,0.045,1.4000000000000001,91.63,28,1010,N/A
2015,8,23,1,30,0,0,26,0.045,1.3,90.71000000000001,28,1010,N/A
2015,8,23,2,30,0,0,26,0.045,1.2000000000000002,89.92,28,1010,N/A
2015,8,23,3,30,0,0,26,0.045,1.2000000000000002,94.36,27,1010,N/A
2015,8,23,4,30,0,0,25,0.045,1.1,93.55,27,1010,N/A
2015,8,23,5,30,0,0,25,0.045,1,92.91,27,1010,N/A
2015,8,23,6,30,0,0,25,0.045,0.9,92.28,27,1010,N/A
2015,8,23,7,30,0,0,25,0.045,0.8,97.07000000000001,26,1010,N/A
2015,8,23,8,30,0,0,25,0.045,0.7000000000000001,96.05,26,1010,N/A
2015,8,23,9,30,0,0,25,0.045,0.6000000000000001,95.08,26,1010,N/A
2015,8,23,10,30,0,0,25,0.045,0.5,94.5,26,1010,N/A
2015,8,23,11,30,23,0,25,0.045,0.5,90.4,27,1010,N/A
2015,8,23,12,30,112,31,25,0.045,1.1,87.05,28,1010,N/A
2015,8,23,13,30,220,194,25,0.045,1.8,82.34,29,1010,N/A
2015,8,23,14,30,146,702,25,0.045,2.2,82.60000000000001,29,1010,N/A
2015,8,23,15,30,148,772,25,0.045,2.4000000000000004,78.63,30,1010,N/A
2015,8,23,16,30,155,800,26,0.045,2.4000000000000004,74.99,31,1010,N/A
2015,8,23,17,30,158,809,26,0.045,2.3000000000000003,75.48,31,1010,N/A
2015,8,23,18,30,466,222,26,0.045,2.2,75.71000000000001,31,1010,N/A
2015,8,23,19,30,143,788,26,0.045,2.2,75.64,31,1010,N/A
2015,8,23,20,30,132,740,26,0.045,2.1,76.07000000000001,31,1010,N/A
2015,8,23,21,30,132,0,26,0.045,2.1,77.38,31,1010,N/A
2015,8,23,22,30,84,513,26,0.045,1.9000000000000001,81.31,30,1010,N/A
2015,8,23,23,30,35,196,27,0.045,1.6,89.09,29,1010,N/A
2015,8,24,0,30,0,0,26,0.045,1.6,87.83,29,1010,N/A
2015,8,24,1,30,0,0,26,0.045,1.6,91.99,29,1010,N/A
2015,8,24,2,30,0,0,26,0.045,1.5,90.85000000000001,28,1010,N/A
2015,8,24,3,30,0,0,26,0.045,1.3,89.71000000000001,28,1010,N/A
2015,8,24,4,30,0,0,25,0.045,1.2000000000000002,93.99,27,1010,N/A
2015,8,24,5,30,0,0,25,0.045,1.2000000000000002,93.06,27,1010,N/A
2015,8,24,6,30,0,0,25,0.045,1.1,92.46000000000001,27,1010,N/A
2015,8,24,7,30,0,0,25,0.045,1.1,97.86,27,1010,N/A
2015,8,24,8,30,0,0,25,0.045,1,97.85000000000001,27,1010,N/A
2015,8,24,9,30,0,0,25,0.045,0.8,97.47,27,1010,N/A
2015,8,24,10,30,0,0,25,0.045,0.5,97.05,27,1010,N/A
2015,8,24,11,30,27,164,25,0.045,0.4,92.36,27,1010,N/A
2015,8,24,12,30,76,515,26,0.045,0.6000000000000001,88.96000000000001,28,1010,N/A
2015,8,24,13,30,100,680,26,0.045,0.8,89.25,28,1010,N/A
2015,8,24,14,30,116,765,25,0.045,1.1,83.10000000000001,29,1010,N/A
2015,8,24,15,30,408,195,25,0.045,1.2000000000000002,77.56,30,1010,N/A
2015,8,24,16,30,150,2,25,0.045,1.4000000000000001,77.5,30,1010,N/A
2015,8,24,17,30,406,434,25,0.045,1.6,77.51,30,1010,N/A
2015,8,24,18,30,143,826,25,0.045,1.8,77.46000000000001,30,1010,N/A
2015,8,24,19,30,138,801,25,0.045,2.1,77.7,30,1010,N/A
2015,8,24,20,30,307,325,25,0.045,2.3000000000000003,78.35000000000001,30,1010,N/A
2015,8,24,21,30,210,321,25,0.045,2.3000000000000003,79.18,30,1010,N/A
2015,8,24,22,30,81,526,25,0.045,2,82.28,29,1010,N/A
2015,8,24,23,30,33,206,26,0.045,1.8,89.34,28,1010,N/A
2015,8,25,0,30,0,0,25,0.045,1.8,87.49,28,1010,N/A
2015,8,25,1,30,0,0,25,0.045,1.7000000000000002,86.7,28,1010,N/A
2015,8,25,2,30,0,0,25,0.045,1.6,85.9,28,1010,N/A
2015,8,25,3,30,0,0,25,0.045,1.3,84.73,28,1010,N/A
2015,8,25,4,30,0,0,24,0.045,1,83.2,28,1010,N/A
2015,8,25,5,30,0,0,24,0.045,0.7000000000000001,81.91,28,1010,N/A
2015,8,25,6,30,0,0,24,0.045,0.4,85.91,28,1010,N/A
2015,8,25,7,30,0,0,24,0.045,0.2,85.52,27,1010,N/A
2015,8,25,8,30,0,0,24,0.045,0.2,85.26,27,1010,N/A
2015,8,25,9,30,0,0,24,0.045,0.4,84.81,27,1010,N/A
2015,8,25,10,30,0,0,24,0.045,0.5,84.96000000000001,27,1010,N/A
2015,8,25,11,30,27,164,24,0.045,0.5,86.55,27,1010,N/A
2015,8,25,12,30,77,517,25,0.045,0.5,85.88,28,1010,N/A
2015,8,25,13,30,100,687,24,0.045,0.6000000000000001,78.98,29,1010,N/A
2015,8,25,14,30,194,618,24,0.045,0.7000000000000001,71.94,30,1010,N/A
2015,8,25,15,30,370,357,24,0.045,0.7000000000000001,72.37,31,1010,N/A
2015,8,25,16,30,411,376,24,0.045,0.9,68.97,31,1010,N/A
2015,8,25,17,30,142,843,24,0.045,1.1,69.54,31,1010,N/A
2015,8,25,18,30,145,827,24,0.045,1.4000000000000001,70.04,31,1010,N/A
2015,8,25,19,30,145,792,25,0.045,1.7000000000000002,71,31,1010,N/A
2015,8,25,20,30,137,735,25,0.045,1.8,72.78,31,1010,N/A
2015,8,25,21,30,119,646,25,0.045,1.8,78.19,30,1010,N/A
2015,8,25,22,30,90,484,25,0.045,1.6,81.42,29,1010,N/A
2015,8,25,23,30,33,163,26,0.045,1.5,84.83,29,1010,N/A
2015,8,26,0,30,0,0,25,0.045,1.5,88.32000000000001,28,1010,N/A
2015,8,26,1,30,0,0,25,0.045,1.5,87.25,28,1010,N/A
2015,8,26,2,30,0,0,25,0.045,1.5,86.35000000000001,28,1010,N/A
2015,8,26,3,30,0,0,25,0.045,1.5,85.62,28,1010,N/A
2015,8,26,4,30,0,0,25,0.045,1.5,89.99,27,1010,N/A
2015,8,26,5,30,0,0,25,0.045,1.6,89.35000000000001,27,1010,N/A
2015,8,26,6,30,0,0,24,0.045,1.6,88.76,27,1010,N/A
2015,8,26,7,30,0,0,24,0.045,1.7000000000000002,88.14,27,1010,N/A
2015,8,26,8,30,0,0,24,0.045,1.6,87.27,27,1010,N/A
2015,8,26,9,30,0,0,24,0.045,1.5,86.43,27,1010,N/A
2015,8,26,10,30,0,0,24,0.045,1.3,85.82000000000001,27,1010,N/A
2015,8,26,11,30,25,34,24,0.045,1.1,82.42,28,1010,N/A
2015,8,26,12,30,111,216,25,0.045,1.1,80.06,29,1010,N/A
2015,8,26,13,30,194,351,24,0.045,1.1,73.66,30,1010,N/A
2015,8,26,14,30,205,587,24,0.045,1.2000000000000002,71.82000000000001,30,1010,N/A
2015,8,26,15,30,373,357,24,0.045,1.4000000000000001,68.65,31,1010,N/A
2015,8,26,16,30,390,417,24,0.045,1.6,69.79,31,1010,N/A
2015,8,26,17,30,403,442,25,0.045,1.9000000000000001,70.81,31,1010,N/A
2015,8,26,18,30,418,365,25,0.045,2.1,71.68,31,1010,N/A
2015,8,26,19,30,389,309,25,0.045,2.1,72.49,31,1010,N/A
2015,8,26,20,30,127,749,25,0.045,2,78.16,30,1010,N/A
2015,8,26,21,30,119,638,25,0.045,1.7000000000000002,77.13,30,1010,N/A
2015,8,26,22,30,92,458,25,0.045,1.3,79.82000000000001,29,1010,N/A
2015,8,26,23,30,33,138,25,0.045,1,81.57000000000001,29,1010,N/A
2015,8,27,0,30,0,0,25,0.045,0.8,80.21000000000001,29,1010,N/A
2015,8,27,1,30,0,0,24,0.045,0.6000000000000001,77.8,29,1010,N/A
2015,8,27,2,30,0,0,24,0.045,0.30000000000000004,81.61,28,1010,N/A
2015,8,27,3,30,0,0,24,0.045,0.30000000000000004,81.51,28,1010,N/A
2015,8,27,4,30,0,0,24,0.045,0.6000000000000001,87.12,27,1010,N/A
2015,8,27,5,30,0,0,24,0.045,0.9,87.67,27,1010,N/A
2015,8,27,6,30,0,0,24,0.045,1.1,93.38,27,1010,N/A
2015,8,27,7,30,0,0,24,0.045,1.4000000000000001,93.58,26,1010,N/A
2015,8,27,8,30,0,0,24,0.045,1.5,93.5,26,1010,N/A
2015,8,27,9,30,0,0,24,0.045,1.4000000000000001,93.3,26,1010,N/A
2015,8,27,10,30,0,0,24,0.045,1.2000000000000002,92.9,26,1010,N/A
2015,8,27,11,30,11,0,24,0.045,1,93.8,26,1010,N/A
2015,8,27,12,30,89,0,25,0.045,0.7000000000000001,89.84,27,1010,N/A
2015,8,27,13,30,53,0,25,0.045,0.30000000000000004,83.97,28,1010,N/A
2015,8,27,14,30,296,55,24,0.045,0.1,81.98,28,1010,N/A
2015,8,27,15,30,87,0,24,0.045,0.1,77.05,29,1010,N/A
2015,8,27,16,30,416,54,24,0.045,0.1,77.31,29,1010,N/A
2015,8,27,17,30,396,34,24,0.045,0.30000000000000004,77.42,29,1010,N/A
2015,8,27,18,30,466,152,24,0.045,0.5,77.63,29,1010,N/A
2015,8,27,19,30,381,63,24,0.045,0.7000000000000001,78.01,29,1010,N/A
2015,8,27,20,30,243,493,24,0.045,1,83.43,29,1010,N/A
2015,8,27,21,30,170,479,25,0.045,1.3,85.3,28,1010,N/A
2015,8,27,22,30,116,40,25,0.045,1.4000000000000001,84.85000000000001,28,1010,N/A
2015,8,27,23,30,29,27,25,0.045,1.4000000000000001,91.88,27,1010,N/A
2015,8,28,0,30,0,0,25,0.045,1.4000000000000001,90.59,27,1010,N/A
2015,8,28,1,30,0,0,25,0.045,1.4000000000000001,90.55,27,1010,N/A
2015,8,28,2,30,0,0,25,0.045,1.6,96.3,27,1010,N/A
2015,8,28,3,30,0,0,25,0.045,1.7000000000000002,96.47,26,1010,N/A
2015,8,28,4,30,0,0,25,0.045,1.8,96.26,26,1010,N/A
2015,8,28,5,30,0,0,25,0.045,1.8,95.79,26,1010,N/A
2015,8,28,6,30,0,0,25,0.045,1.8,95.24,26,1010,N/A
2015,8,28,7,30,0,0,25,0.045,1.7000000000000002,100,26,1010,N/A
2015,8,28,8,30,0,0,24,0.045,1.6,99.79,25,1010,N/A
2015,8,28,9,30,0,0,24,0.045,1.5,99.2,25,1010,N/A
2015,8,28,10,30,0,0,24,0.045,1.3,98.62,25,1010,N/A
2015,8,28,11,30,25,44,24,0.045,1.3,92.93,26,1010,N/A
2015,8,28,12,30,114,74,25,0.045,1.4000000000000001,95.10000000000001,26,1010,N/A
2015,8,28,13,30,167,465,25,0.045,1.5,89.71000000000001,27,1010,N/A
2015,8,28,14,30,318,114,25,0.045,1.5,89.99,27,1010,N/A
2015,8,28,15,30,170,4,25,0.045,1.6,84.64,28,1010,N/A
2015,8,28,16,30,230,10,24,0.045,1.8,83.7,28,1010,N/A
2015,8,28,17,30,436,56,25,0.045,2,79.13,29,1010,N/A
2015,8,28,18,30,340,22,24,0.045,2,78.75,29,1010,N/A
2015,8,28,19,30,377,61,24,0.045,1.9000000000000001,78.71000000000001,29,1010,N/A
2015,8,28,20,30,32,0,24,0.045,1.9000000000000001,83.27,29,1010,N/A
2015,8,28,21,30,166,5,24,0.045,1.9000000000000001,80.71000000000001,28,1010,N/A
2015,8,28,22,30,9,0,24,0.045,1.6,83.77,27,1010,N/A
2015,8,28,23,30,15,0,24,0.045,1.3,90.96000000000001,26,1010,N/A
2015,8,29,0,30,0,0,24,0.044,1.3,89.37,26,1010,N/A
2015,8,29,1,30,0,0,24,0.044,1.5,94.48,25,1010,N/A
2015,8,29,2,30,0,0,24,0.044,1.8,95.03,25,1010,N/A
2015,8,29,3,30,0,0,24,0.044,2,95.83,25,1010,N/A
2015,8,29,4,30,0,0,24,0.044,2.1,96.48,25,1010,N/A
2015,8,29,5,30,0,0,24,0.044,2.2,97,25,1010,N/A
2015,8,29,6,30,0,0,24,0.044,2.1,97.25,25,1010,N/A
2015,8,29,7,30,0,0,24,0.044,2,97.34,25,1010,N/A
2015,8,29,8,30,0,0,24,0.044,1.9000000000000001,97.19,25,1010,N/A
2015,8,29,9,30,0,0,24,0.044,1.8,96.71000000000001,25,1010,N/A
2015,8,29,10,30,0,0,24,0.044,1.8,96.24000000000001,25,1010,N/A
2015,8,29,11,30,23,0,24,0.044,2.1,96.72,25,1010,N/A
2015,8,29,12,30,100,312,24,0.044,2.3000000000000003,98.78,25,1010,N/A
2015,8,29,13,30,189,364,25,0.044,2.2,94.61,26,1010,N/A
2015,8,29,14,30,316,219,25,0.044,2.1,89.84,27,1010,N/A
2015,8,29,15,30,328,441,25,0.044,1.8,90.2,27,1010,N/A
2015,8,29,16,30,393,403,25,0.044,1.6,85.06,28,1010,N/A
2015,8,29,17,30,399,440,25,0.044,1.6,85.27,28,1010,N/A
2015,8,29,18,30,223,10,25,0.044,1.8,81.24,29,1010,N/A
2015,8,29,19,30,283,17,25,0.044,2.1,82.35000000000001,29,1010,N/A
2015,8,29,20,30,321,206,26,0.044,2.4000000000000004,89.27,28,1010,N/A
2015,8,29,21,30,222,160,26,0.044,2.7,89.08,28,1010,N/A
2015,8,29,22,30,108,19,26,0.044,2.8000000000000003,94.61,27,1010,N/A
2015,8,29,23,30,17,0,26,0.044,3,100,26,1010,N/A
2015,8,30,0,30,0,0,25,0.044,3.2,99.28,26,1010,N/A
2015,8,30,1,30,0,0,25,0.044,3.4000000000000004,98.85000000000001,26,1010,N/A
2015,8,30,2,30,0,0,25,0.044,3.3000000000000003,98.58,26,1010,N/A
2015,8,30,3,30,0,0,25,0.044,3.1,100,26,1010,N/A
2015,8,30,4,30,0,0,25,0.044,2.9000000000000004,100,25,1010,N/A
2015,8,30,5,30,0,0,25,0.044,2.7,100,25,1010,N/A
2015,8,30,6,30,0,0,25,0.044,2.5,100,25,1010,N/A
2015,8,30,7,30,0,0,25,0.044,2.3000000000000003,100,25,1010,N/A
2015,8,30,8,30,0,0,24,0.044,2.3000000000000003,99.61,25,1010,N/A
2015,8,30,9,30,0,0,24,0.044,2.4000000000000004,99.35000000000001,25,1010,N/A
2015,8,30,10,30,0,0,24,0.044,2.3000000000000003,99.44,25,1010,N/A
2015,8,30,11,30,16,0,24,0.044,2.4000000000000004,99.97,25,1010,N/A
2015,8,30,12,30,113,140,25,0.044,2.4000000000000004,96.4,26,1010,N/A
2015,8,30,13,30,218,131,25,0.044,2.3000000000000003,98.02,26,1010,N/A
2015,8,30,14,30,319,142,25,0.044,2.3000000000000003,93.28,27,1010,N/A
2015,8,30,15,30,399,230,25,0.044,2,93.53,28,1010,N/A
2015,8,30,16,30,461,161,25,0.044,1.6,88.33,28,1010,N/A
2015,8,30,17,30,471,252,25,0.044,1.2000000000000002,88.24,29,1010,N/A
2015,8,30,18,30,461,195,25,0.044,1.2000000000000002,83.02,29,1010,N/A
2015,8,30,19,30,400,237,25,0.044,1.4000000000000001,83.05,29,1010,N/A
2015,8,30,20,30,297,325,26,0.044,1.7000000000000002,84.69,29,1010,N/A
2015,8,30,21,30,185,395,26,0.044,1.8,90.41,28,1010,N/A
2015,8,30,22,30,104,9,26,0.044,1.8,89.55,28,1010,N/A
2015,8,30,23,30,13,0,26,0.044,1.9000000000000001,96.29,27,1010,N/A
2015,8,31,0,30,0,0,26,0.044,2.1,95.65,27,1010,N/A
2015,8,31,1,30,0,0,26,0.044,2.3000000000000003,95.46000000000001,27,1010,N/A
2015,8,31,2,30,0,0,26,0.044,2.5,95.45,27,1010,N/A
2015,8,31,3,30,0,0,26,0.044,2.7,100,26,1010,N/A
2015,8,31,4,30,0,0,26,0.044,3,100,26,1010,N/A
2015,8,31,5,30,0,0,25,0.044,3.5,99.72,26,1010,N/A
2015,8,31,6,30,0,0,25,0.044,3.9000000000000004,99.03,26,1010,N/A
2015,8,31,7,30,0,0,25,0.044,4,98.47,26,1010,N/A
2015,8,31,8,30,0,0,25,0.044,3.7,97.83,26,1010,N/A
2015,8,31,9,30,0,0,25,0.044,3.2,96.95,26,1010,N/A
2015,8,31,10,30,0,0,25,0.044,3,97.65,26,1010,N/A
2015,8,31,11,30,2,0,25,0.044,3.3000000000000003,98.06,26,1010,N/A
2015,8,31,12,30,39,0,25,0.044,3.3000000000000003,98.91,26,1010,N/A
2015,8,31,13,30,206,265,25,0.044,3.3000000000000003,99.82000000000001,27,1010,N/A
2015,8,31,14,30,319,150,26,0.044,3.4000000000000004,95.06,27,1010,N/A
2015,8,31,15,30,352,391,26,0.044,3.3000000000000003,95.09,28,1010,N/A
2015,8,31,16,30,360,28,26,0.044,3.1,89.2,28,1010,N/A
2015,8,31,17,30,188,7,25,0.044,2.9000000000000004,88.57000000000001,28,1010,N/A
2015,8,31,18,30,450,253,25,0.044,2.6,83.22,29,1010,N/A
2015,8,31,19,30,369,353,25,0.044,2.3000000000000003,82.84,29,1010,N/A
2015,8,31,20,30,289,351,25,0.044,1.9000000000000001,82.59,29,1010,N/A
2015,8,31,21,30,211,240,25,0.044,1.6,88.55,28,1010,N/A
2015,8,31,22,30,105,270,26,0.044,1.3,94.4,27,1010,N/A
2015,8,31,23,30,23,2,26,0.044,1.2000000000000002,94.83,27,1010,N/A
2015,9,1,0,30,0,0,26,0.044,1.3,94.34,27,1010,N/A
2015,9,1,1,30,0,0,25,0.044,1.6,99.60000000000001,26,1010,N/A
2015,9,1,2,30,0,0,25,0.044,1.8,99,26,1010,N/A
2015,9,1,3,30,0,0,25,0.044,1.9000000000000001,98.13,26,1010,N/A
2015,9,1,4,30,0,0,25,0.044,2,97.36,26,1010,N/A
2015,9,1,5,30,0,0,25,0.044,2.1,96.69,26,1010,N/A
2015,9,1,6,30,0,0,25,0.044,2.2,96.26,26,1010,N/A
2015,9,1,7,30,0,0,25,0.044,2.3000000000000003,96.28,26,1010,N/A
2015,9,1,8,30,0,0,25,0.044,2.3000000000000003,96.43,26,1010,N/A
2015,9,1,9,30,0,0,25,0.044,2.3000000000000003,96.64,26,1010,N/A
2015,9,1,10,30,0,0,25,0.044,2.3000000000000003,96.43,26,1010,N/A
2015,9,1,11,30,24,108,25,0.044,2.6,97.05,26,1010,N/A
2015,9,1,12,30,76,492,26,0.044,2.9000000000000004,94.41,27,1010,N/A
2015,9,1,13,30,104,662,26,0.044,3,96.03,28,1010,N/A
2015,9,1,14,30,223,527,26,0.044,3,90.41,28,1010,N/A
2015,9,1,15,30,386,284,26,0.044,3,84.74,29,1010,N/A
2015,9,1,16,30,435,78,26,0.044,3,84.28,29,1010,N/A
2015,9,1,17,30,477,144,25,0.044,2.9000000000000004,83.74,29,1010,N/A
2015,9,1,18,30,459,155,25,0.044,2.8000000000000003,83.29,29,1010,N/A
2015,9,1,19,30,398,115,25,0.044,2.6,82.76,29,1010,N/A
2015,9,1,20,30,292,331,25,0.044,2.3000000000000003,82.26,29,1010,N/A
2015,9,1,21,30,214,206,25,0.044,1.9000000000000001,87.07000000000001,29,1010,N/A
2015,9,1,22,30,113,93,25,0.044,1.4000000000000001,87.16,28,1010,N/A
2015,9,1,23,30,20,0,25,0.044,1.2000000000000002,92.42,28,1010,N/A
2015,9,2,0,30,0,0,25,0.044,1.2000000000000002,89.59,27,1010,N/A
2015,9,2,1,30,0,0,24,0.044,1.1,88.52,27,1010,N/A
2015,9,2,2,30,0,0,24,0.044,1.1,87.88,27,1010,N/A
2015,9,2,3,30,0,0,24,0.044,1.1,87.66,27,1010,N/A
2015,9,2,4,30,0,0,24,0.044,1.1,87.68,27,1010,N/A
2015,9,2,5,30,0,0,24,0.044,1.2000000000000002,87.79,27,1010,N/A
2015,9,2,6,30,0,0,24,0.044,1.2000000000000002,93.26,26,1010,N/A
2015,9,2,7,30,0,0,24,0.044,1.2000000000000002,93.4,26,1010,N/A
2015,9,2,8,30,0,0,24,0.044,1.1,93.48,26,1010,N/A
2015,9,2,9,30,0,0,24,0.044,1,93.44,26,1010,N/A
2015,9,2,10,30,0,0,24,0.044,0.9,93.44,26,1010,N/A
2015,9,2,11,30,19,0,24,0.044,0.7000000000000001,94.08,26,1010,N/A
2015,9,2,12,30,110,170,25,0.044,0.8,91.45,27,1010,N/A
2015,9,2,13,30,198,304,25,0.044,1.1,85.82000000000001,28,1010,N/A
2015,9,2,14,30,211,560,25,0.044,1.2000000000000002,80.68,29,1010,N/A
2015,9,2,15,30,369,341,25,0.044,1.5,81.18,30,1010,N/A
2015,9,2,16,30,126,845,25,0.044,1.7000000000000002,77.63,30,1010,N/A
2015,9,2,17,30,127,854,25,0.044,2,78.43,30,1010,N/A
2015,9,2,18,30,146,814,25,0.044,2.3000000000000003,78.77,30,1010,N/A
2015,9,2,19,30,139,789,25,0.044,2.4000000000000004,78.83,30,1010,N/A
2015,9,2,20,30,124,746,25,0.044,2.4000000000000004,83.81,29,1010,N/A
2015,9,2,21,30,190,344,26,0.044,2.3000000000000003,84.48,29,1010,N/A
2015,9,2,22,30,73,505,25,0.044,2,88.4,28,1010,N/A
2015,9,2,23,30,22,137,25,0.044,1.8,93.57000000000001,27,1010,N/A
2015,9,3,0,30,0,0,25,0.044,1.8,90.98,27,1010,N/A
2015,9,3,1,30,0,0,25,0.044,1.7000000000000002,89.23,27,1010,N/A
2015,9,3,2,30,0,0,24,0.044,1.7000000000000002,87.59,27,1010,N/A
2015,9,3,3,30,0,0,24,0.044,1.6,86.22,27,1010,N/A
2015,9,3,4,30,0,0,24,0.044,1.6,90.17,27,1010,N/A
2015,9,3,5,30,0,0,24,0.044,1.5,89.01,26,1010,N/A
2015,9,3,6,30,0,0,23,0.044,1.4000000000000001,88,26,1010,N/A
2015,9,3,7,30,0,0,23,0.044,1.4000000000000001,87.23,26,1010,N/A
2015,9,3,8,30,0,0,23,0.044,1.5,86.88,26,1010,N/A
2015,9,3,9,30,0,0,23,0.044,1.5,87.09,26,1010,N/A
2015,9,3,10,30,0,0,23,0.044,1.4000000000000001,87.7,26,1010,N/A
2015,9,3,11,30,19,0,24,0.044,1.4000000000000001,84.83,27,1010,N/A
2015,9,3,12,30,111,130,25,0.044,1.5,84.97,28,1010,N/A
2015,9,3,13,30,211,215,25,0.044,1.8,85.12,29,1010,N/A
2015,9,3,14,30,225,519,25,0.044,1.9000000000000001,79.94,29,1010,N/A
2015,9,3,15,30,401,151,25,0.044,2.1,80.81,29,1010,N/A
2015,9,3,16,30,438,85,25,0.044,2.4000000000000004,76.97,30,1010,N/A
2015,9,3,17,30,418,380,25,0.044,2.7,77.41,30,1010,N/A
2015,9,3,18,30,448,248,25,0.044,2.9000000000000004,77.71000000000001,30,1010,N/A
2015,9,3,19,30,124,813,25,0.044,3,82.59,30,1010,N/A
2015,9,3,20,30,114,763,25,0.044,2.9000000000000004,83.10000000000001,29,1010,N/A
2015,9,3,21,30,188,349,25,0.044,2.7,83.55,29,1010,N/A
2015,9,3,22,30,99,273,25,0.044,2.2,88.25,28,1010,N/A
2015,9,3,23,30,20,39,25,0.044,1.8,94.25,27,1010,N/A
2015,9,4,0,30,0,0,25,0.044,1.8,92.61,27,1010,N/A
2015,9,4,1,30,0,0,25,0.044,1.8,92.03,27,1010,N/A
2015,9,4,2,30,0,0,25,0.044,1.8,91.67,27,1010,N/A
2015,9,4,3,30,0,0,25,0.044,1.9000000000000001,91.27,27,1010,N/A
2015,9,4,4,30,0,0,25,0.044,1.8,90.7,27,1010,N/A
2015,9,4,5,30,0,0,25,0.044,1.7000000000000002,90,27,1010,N/A
2015,9,4,6,30,0,0,25,0.044,1.7000000000000002,89.29,27,1010,N/A
2015,9,4,7,30,0,0,24,0.044,1.7000000000000002,88.66,27,1010,N/A
2015,9,4,8,30,0,0,24,0.044,1.7000000000000002,88.08,27,1010,N/A
2015,9,4,9,30,0,0,24,0.044,1.6,87.85000000000001,27,1010,N/A
2015,9,4,10,30,0,0,24,0.044,1.6,87.99,27,1010,N/A
2015,9,4,11,30,22,101,24,0.044,1.5,88.72,27,1010,N/A
2015,9,4,12,30,94,336,25,0.044,1.5,93.12,27,1010,N/A
2015,9,4,13,30,194,323,25,0.044,1.6,88.38,28,1010,N/A
2015,9,4,14,30,304,267,25,0.044,1.4000000000000001,87.59,29,1010,N/A
2015,9,4,15,30,383,289,25,0.044,1.2000000000000002,80.47,29,1010,N/A
2015,9,4,16,30,400,382,24,0.044,1.2000000000000002,77.62,29,1010,N/A
2015,9,4,17,30,439,66,24,0.044,1.3,77.19,29,1010,N/A
2015,9,4,18,30,377,35,24,0.044,1.6,77.2,29,1010,N/A
2015,9,4,19,30,157,2,24,0.044,1.7000000000000002,78.47,29,1010,N/A
2015,9,4,20,30,269,34,24,0.044,1.7000000000000002,77.97,29,1010,N/A
2015,9,4,21,30,191,322,24,0.044,1.6,81.7,28,1010,N/A
2015,9,4,22,30,80,429,24,0.044,1.5,85.35000000000001,27,1010,N/A
2015,9,4,23,30,19,96,24,0.044,1.4000000000000001,87.63,27,1010,N/A
2015,9,5,0,30,0,0,24,0.044,1.5,92.09,27,1010,N/A
2015,9,5,1,30,0,0,24,0.044,1.6,91.14,26,1010,N/A
2015,9,5,2,30,0,0,24,0.044,1.7000000000000002,90.49,26,1010,N/A
2015,9,5,3,30,0,0,24,0.044,1.6,90.11,26,1010,N/A
2015,9,5,4,30,0,0,24,0.044,1.5,89.83,26,1010,N/A
2015,9,5,5,30,0,0,24,0.044,1.4000000000000001,94.98,26,1010,N/A
2015,9,5,6,30,0,0,24,0.044,1.2000000000000002,94.83,25,1010,N/A
2015,9,5,7,30,0,0,24,0.044,1.1,94.7,25,1010,N/A
2015,9,5,8,30,0,0,24,0.044,1,94.55,25,1010,N/A
2015,9,5,9,30,0,0,24,0.044,0.9,94.31,25,1010,N/A
2015,9,5,10,30,0,0,23,0.044,0.8,93.89,25,1010,N/A
2015,9,5,11,30,21,96,24,0.044,0.9,94.53,26,1010,N/A
2015,9,5,12,30,101,15,24,0.044,1.1,91.93,26,1010,N/A
2015,9,5,13,30,212,179,24,0.044,1.2000000000000002,86.49,27,1010,N/A
2015,9,5,14,30,308,239,24,0.044,1.1,81.21000000000001,28,1010,N/A
2015,9,5,15,30,380,295,24,0.044,0.9,76.8,29,1010,N/A
2015,9,5,16,30,430,311,24,0.044,0.9,76.99,29,1010,N/A
2015,9,5,17,30,393,431,24,0.044,0.9,72.54,30,1010,N/A
2015,9,5,18,30,321,20,24,0.044,1.1,72.56,30,1010,N/A
2015,9,5,19,30,106,0,24,0.044,1.3,77.24,30,1010,N/A
2015,9,5,20,30,287,327,24,0.044,1.4000000000000001,78.99,29,1010,N/A
2015,9,5,21,30,193,300,25,0.044,1.5,84.44,29,1010,N/A
2015,9,5,22,30,105,303,25,0.044,1.6,84.16,28,1010,N/A
2015,9,5,23,30,16,0,25,0.044,1.6,90.53,27,1010,N/A
2015,9,6,0,30,0,0,25,0.043000000000000003,1.8,90.73,27,1010,N/A
2015,9,6,1,30,0,0,25,0.043000000000000003,1.9000000000000001,95.42,27,1010,N/A
2015,9,6,2,30,0,0,25,0.043000000000000003,1.9000000000000001,94.86,26,1010,N/A
2015,9,6,3,30,0,0,24,0.043000000000000003,1.8,94.23,26,1010,N/A
2015,9,6,4,30,0,0,24,0.043000000000000003,1.6,98.94,26,1010,N/A
2015,9,6,5,30,0,0,24,0.043000000000000003,1.5,97.87,25,1010,N/A
2015,9,6,6,30,0,0,24,0.043000000000000003,1.5,96.87,25,1010,N/A
2015,9,6,7,30,0,0,24,0.043000000000000003,1.5,95.79,25,1010,N/A
2015,9,6,8,30,0,0,24,0.043000000000000003,1.5,94.79,25,1010,N/A
2015,9,6,9,30,0,0,23,0.043000000000000003,1.5,94.10000000000001,25,1010,N/A
2015,9,6,10,30,0,0,23,0.043000000000000003,1.6,93.91,25,1010,N/A
2015,9,6,11,30,19,53,24,0.043000000000000003,1.9000000000000001,94.29,25,1010,N/A
2015,9,6,12,30,97,370,24,0.043000000000000003,2.1,96.61,25,1010,N/A
2015,9,6,13,30,137,564,24,0.043000000000000003,2,91.82000000000001,26,1010,N/A
2015,9,6,14,30,156,676,24,0.043000000000000003,1.8,86.13,27,1010,N/A
2015,9,6,15,30,168,739,24,0.043000000000000003,1.6,84.89,27,1010,N/A
2015,9,6,16,30,175,770,23,0.043000000000000003,1.4000000000000001,78.83,28,1010,N/A
2015,9,6,17,30,441,328,23,0.043000000000000003,1.2000000000000002,77.76,28,1010,N/A
2015,9,6,18,30,372,434,23,0.043000000000000003,1.2000000000000002,72.74,29,1010,N/A
2015,9,6,19,30,320,443,23,0.043000000000000003,1.3,72.66,29,1010,N/A
2015,9,6,20,30,122,0,23,0.043000000000000003,1.4000000000000001,73.86,29,1010,N/A
2015,9,6,21,30,78,0,24,0.043000000000000003,1.6,79.21000000000001,28,1010,N/A
2015,9,6,22,30,83,0,23,0.043000000000000003,1.6,83.55,27,1010,N/A
2015,9,6,23,30,7,0,24,0.043000000000000003,1.5,91.91,26,1010,N/A
2015,9,7,0,30,0,0,24,0.043000000000000003,1.7000000000000002,92.18,26,1010,N/A
2015,9,7,1,30,0,0,24,0.043000000000000003,1.9000000000000001,97.84,26,1010,N/A
2015,9,7,2,30,0,0,24,0.043000000000000003,2.1,98.10000000000001,25,1010,N/A
2015,9,7,3,30,0,0,24,0.043000000000000003,2.1,98.11,25,1010,N/A
2015,9,7,4,30,0,0,24,0.043000000000000003,2.1,97.86,25,1010,N/A
2015,9,7,5,30,0,0,24,0.043000000000000003,2.1,97.45,25,1010,N/A
2015,9,7,6,30,0,0,24,0.043000000000000003,2,100,25,1010,N/A
2015,9,7,7,30,0,0,24,0.043000000000000003,2,100,25,1010,N/A
2015,9,7,8,30,0,0,24,0.043000000000000003,2,100,24,1010,N/A
2015,9,7,9,30,0,0,24,0.043000000000000003,2.1,100,24,1010,N/A
2015,9,7,10,30,0,0,24,0.043000000000000003,2.2,100,24,1010,N/A
2015,9,7,11,30,1,0,24,0.043000000000000003,2.4000000000000004,100,25,1010,N/A
2015,9,7,12,30,14,0,24,0.043000000000000003,2.6,98.27,25,1010,N/A
2015,9,7,13,30,69,0,24,0.043000000000000003,2.6,94.08,26,1010,N/A
2015,9,7,14,30,311,113,25,0.043000000000000003,2.6,95.05,26,1010,N/A
2015,9,7,15,30,377,75,25,0.043000000000000003,2.6,89.72,27,1010,N/A
2015,9,7,16,30,223,10,25,0.043000000000000003,2.6,89.56,27,1010,N/A
2015,9,7,17,30,414,48,25,0.043000000000000003,2.5,89.3,27,1010,N/A
2015,9,7,18,30,168,4,24,0.043000000000000003,2.5,88.64,27,1010,N/A
2015,9,7,19,30,185,5,24,0.043000000000000003,2.4000000000000004,88.13,27,1010,N/A
2015,9,7,20,30,200,7,24,0.043000000000000003,2.3000000000000003,88.34,27,1010,N/A
2015,9,7,21,30,206,119,25,0.043000000000000003,2.2,94.44,26,1010,N/A
2015,9,7,22,30,98,35,24,0.043000000000000003,2.1,93.63,26,1010,N/A
2015,9,7,23,30,9,0,24,0.043000000000000003,2,93.76,26,1010,N/A
2015,9,8,0,30,0,0,24,0.043000000000000003,2.1,92.56,26,1010,N/A
2015,9,8,1,30,0,0,24,0.043000000000000003,2.2,97.87,26,1010,N/A
2015,9,8,2,30,0,0,24,0.043000000000000003,2.3000000000000003,97.55,26,1010,N/A
2015,9,8,3,30,0,0,24,0.043000000000000003,2.4000000000000004,97.27,25,1010,N/A
2015,9,8,4,30,0,0,24,0.043000000000000003,2.5,97.3,25,1010,N/A
2015,9,8,5,30,0,0,24,0.043000000000000003,2.7,97.54,25,1010,N/A
2015,9,8,6,30,0,0,24,0.043000000000000003,2.8000000000000003,97.88,25,1010,N/A
2015,9,8,7,30,0,0,24,0.043000000000000003,2.8000000000000003,98.15,25,1010,N/A
2015,9,8,8,30,0,0,24,0.043000000000000003,2.8000000000000003,98.42,25,1010,N/A
2015,9,8,9,30,0,0,24,0.043000000000000003,2.7,98.63,26,1010,N/A
2015,9,8,10,30,0,0,24,0.043000000000000003,2.5,98.66,26,1010,N/A
2015,9,8,11,30,20,70,24,0.043000000000000003,2.6,93.58,26,1010,N/A
2015,9,8,12,30,105,178,25,0.043000000000000003,2.8000000000000003,96.55,26,1010,N/A
2015,9,8,13,30,203,67,25,0.043000000000000003,2.9000000000000004,92.83,27,1010,N/A
2015,9,8,14,30,311,119,25,0.043000000000000003,3,93.9,27,1010,N/A
2015,9,8,15,30,395,131,25,0.043000000000000003,3,88.61,28,1010,N/A
2015,9,8,16,30,372,434,25,0.043000000000000003,2.9000000000000004,88.79,28,1010,N/A
2015,9,8,17,30,392,425,26,0.043000000000000003,2.9000000000000004,84.01,29,1010,N/A
2015,9,8,18,30,142,815,26,0.043000000000000003,2.8000000000000003,84.12,29,1010,N/A
2015,9,8,19,30,131,794,25,0.043000000000000003,2.5,83.75,29,1010,N/A
2015,9,8,20,30,117,748,25,0.043000000000000003,2.1,83.48,29,1010,N/A
2015,9,8,21,30,203,167,25,0.043000000000000003,1.7000000000000002,88.8,28,1010,N/A
2015,9,8,22,30,67,488,25,0.043000000000000003,1.3,87.16,28,1010,N/A
2015,9,8,23,30,14,73,25,0.043000000000000003,1,92.4,27,1010,N/A
2015,9,9,0,30,0,0,25,0.043000000000000003,0.9,89.7,27,1010,N/A
2015,9,9,1,30,0,0,24,0.043000000000000003,0.6000000000000001,88.35000000000001,28,1010,N/A
2015,9,9,2,30,0,0,24,0.043000000000000003,0.4,87.13,28,1010,N/A
2015,9,9,3,30,0,0,24,0.043000000000000003,0.4,87.29,27,1010,N/A
2015,9,9,4,30,0,0,24,0.043000000000000003,0.6000000000000001,87.48,27,1010,N/A
2015,9,9,5,30,0,0,24,0.043000000000000003,0.9,93.35000000000001,26,1010,N/A
2015,9,9,6,30,0,0,24,0.043000000000000003,1.1,93.99,26,1010,N/A
2015,9,9,7,30,0,0,25,0.043000000000000003,1.2000000000000002,94.55,26,1010,N/A
2015,9,9,8,30,0,0,25,0.043000000000000003,1.3,94.82000000000001,26,1010,N/A
2015,9,9,9,30,0,0,25,0.043000000000000003,1.3,94.57000000000001,26,1010,N/A
2015,9,9,10,30,0,0,24,0.043000000000000003,1.2000000000000002,94.13,26,1010,N/A
2015,9,9,11,30,19,93,25,0.043000000000000003,1.2000000000000002,94.39,26,1010,N/A
2015,9,9,12,30,106,158,25,0.043000000000000003,1.2000000000000002,93.44,27,1010,N/A
2015,9,9,13,30,194,303,25,0.043000000000000003,1.1,87.01,28,1010,N/A
2015,9,9,14,30,115,761,25,0.043000000000000003,0.9,80.03,29,1010,N/A
2015,9,9,15,30,364,340,25,0.043000000000000003,0.7000000000000001,74.92,30,1010,N/A
2015,9,9,16,30,426,309,25,0.043000000000000003,0.7000000000000001,74.73,30,1010,N/A
2015,9,9,17,30,444,306,24,0.043000000000000003,0.9,74.32000000000001,30,1010,N/A
2015,9,9,18,30,428,292,24,0.043000000000000003,1,73.96000000000001,30,1010,N/A
2015,9,9,19,30,357,344,24,0.043000000000000003,1.1,73.88,30,1010,N/A
2015,9,9,20,30,278,333,24,0.043000000000000003,1.2000000000000002,74.32000000000001,30,1010,N/A
2015,9,9,21,30,147,491,25,0.043000000000000003,1.2000000000000002,79.68,29,1010,N/A
2015,9,9,22,30,80,369,24,0.043000000000000003,1.3,83.68,28,1010,N/A
2015,9,9,23,30,12,0,25,0.043000000000000003,1.3,92.47,28,1010,N/A
2015,9,10,0,30,0,0,25,0.043000000000000003,1.4000000000000001,91.44,27,1010,N/A
2015,9,10,1,30,0,0,25,0.043000000000000003,1.5,90.76,27,1010,N/A
2015,9,10,2,30,0,0,25,0.043000000000000003,1.5,90.10000000000001,27,1010,N/A
2015,9,10,3,30,0,0,25,0.043000000000000003,1.3,89.43,27,1010,N/A
2015,9,10,4,30,0,0,25,0.043000000000000003,1.2000000000000002,88.85000000000001,27,1010,N/A
2015,9,10,5,30,0,0,24,0.043000000000000003,1.1,88.13,27,1010,N/A
2015,9,10,6,30,0,0,24,0.043000000000000003,1,86.98,27,1010,N/A
2015,9,10,7,30,0,0,24,0.043000000000000003,0.8,86.33,27,1010,N/A
2015,9,10,8,30,0,0,24,0.043000000000000003,0.6000000000000001,85.99,27,1010,N/A
2015,9,10,9,30,0,0,24,0.043000000000000003,0.6000000000000001,85.8,27,1010,N/A
2015,9,10,10,30,0,0,24,0.043000000000000003,0.6000000000000001,85.64,27,1010,N/A
2015,9,10,11,30,6,0,24,0.043000000000000003,0.6000000000000001,86.11,27,1010,N/A
2015,9,10,12,30,97,270,25,0.043000000000000003,0.9,89.60000000000001,27,1010,N/A
2015,9,10,13,30,205,215,24,0.043000000000000003,1.2000000000000002,83.78,28,1010,N/A
2015,9,10,14,30,235,483,24,0.043000000000000003,1.5,76.93,29,1010,N/A
2015,9,10,15,30,381,88,24,0.043000000000000003,1.7000000000000002,76.83,29,1010,N/A
2015,9,10,16,30,420,325,24,0.043000000000000003,1.9000000000000001,73.79,30,1010,N/A
2015,9,10,17,30,437,327,25,0.043000000000000003,2.2,74.66,30,1010,N/A
2015,9,10,18,30,362,447,25,0.043000000000000003,2.4000000000000004,79.78,29,1010,N/A
2015,9,10,19,30,365,312,25,0.043000000000000003,2.5,80.53,29,1010,N/A
2015,9,10,20,30,270,357,25,0.043000000000000003,2.4000000000000004,81.92,29,1010,N/A
2015,9,10,21,30,171,369,25,0.043000000000000003,2.3000000000000003,86.5,28,1010,N/A
2015,9,10,22,30,95,194,25,0.043000000000000003,2,91.27,27,1010,N/A
2015,9,10,23,30,10,0,25,0.043000000000000003,1.9000000000000001,91.64,27,1010,N/A
2015,9,11,0,30,0,0,25,0.043000000000000003,1.9000000000000001,89.78,27,1010,N/A
2015,9,11,1,30,0,0,25,0.043000000000000003,1.9000000000000001,88.85000000000001,27,1010,N/A
2015,9,11,2,30,0,0,24,0.043000000000000003,1.8,87.91,27,1010,N/A
2015,9,11,3,30,0,0,24,0.043000000000000003,1.8,87.32000000000001,27,1010,N/A
2015,9,11,4,30,0,0,24,0.043000000000000003,1.7000000000000002,86.78,27,1010,N/A
2015,9,11,5,30,0,0,24,0.043000000000000003,1.7000000000000002,86.12,27,1010,N/A
2015,9,11,6,30,0,0,24,0.043000000000000003,1.7000000000000002,90.72,27,1010,N/A
2015,9,11,7,30,0,0,24,0.043000000000000003,1.7000000000000002,90.32000000000001,26,1010,N/A
2015,9,11,8,30,0,0,24,0.043000000000000003,1.8,90,26,1010,N/A
2015,9,11,9,30,0,0,24,0.043000000000000003,1.7000000000000002,89.57000000000001,26,1010,N/A
2015,9,11,10,30,0,0,24,0.043000000000000003,1.6,89.16,27,1010,N/A
2015,9,11,11,30,22,0,24,0.043000000000000003,1.4000000000000001,84.31,27,1010,N/A
2015,9,11,12,30,105,126,25,0.043000000000000003,1.4000000000000001,84.4,28,1010,N/A
2015,9,11,13,30,193,296,24,0.043000000000000003,1.5,78.26,29,1010,N/A
2015,9,11,14,30,104,793,24,0.043000000000000003,1.5,75.96000000000001,29,1010,N/A
2015,9,11,15,30,113,840,24,0.043000000000000003,1.5,70.55,30,1010,N/A
2015,9,11,16,30,435,267,24,0.043000000000000003,1.8,71.71000000000001,30,1010,N/A
2015,9,11,17,30,457,248,24,0.043000000000000003,2.2,73.03,30,1010,N/A
2015,9,11,18,30,444,164,24,0.043000000000000003,2.5,74.35000000000001,30,1010,N/A
2015,9,11,19,30,120,818,25,0.043000000000000003,2.7,79.91,30,1010,N/A
2015,9,11,20,30,111,761,25,0.043000000000000003,2.7,80.91,29,1010,N/A
2015,9,11,21,30,95,664,25,0.043000000000000003,2.5,86.67,29,1010,N/A
2015,9,11,22,30,66,473,25,0.043000000000000003,2,85.96000000000001,28,1010,N/A
2015,9,11,23,30,11,0,25,0.043000000000000003,1.5,91.52,27,1010,N/A
2015,9,12,0,30,0,0,25,0.043000000000000003,1.3,89.45,27,1010,N/A
2015,9,12,1,30,0,0,24,0.043000000000000003,1.2000000000000002,87.88,27,1010,N/A
2015,9,12,2,30,0,0,24,0.043000000000000003,0.9,85.88,27,1010,N/A
2015,9,12,3,30,0,0,24,0.043000000000000003,0.30000000000000004,83.82000000000001,27,1010,N/A
2015,9,12,4,30,0,0,23,0.043000000000000003,0.5,83.07000000000001,27,1010,N/A
2015,9,12,5,30,0,0,24,0.043000000000000003,1.1,88.92,26,1010,N/A
2015,9,12,6,30,0,0,24,0.043000000000000003,1.4000000000000001,90.07000000000001,26,1010,N/A
2015,9,12,7,30,0,0,24,0.043000000000000003,1.7000000000000002,96.13,25,1010,N/A
2015,9,12,8,30,0,0,24,0.043000000000000003,1.8,96.72,25,1010,N/A
2015,9,12,9,30,0,0,24,0.043000000000000003,1.9000000000000001,97.34,25,1010,N/A
2015,9,12,10,30,0,0,24,0.043000000000000003,1.9000000000000001,97.93,25,1010,N/A
2015,9,12,11,30,13,0,24,0.043000000000000003,2.1,99.03,25,1010,N/A
2015,9,12,12,30,53,0,25,0.043000000000000003,2.5,97.28,26,1010,N/A
2015,9,12,13,30,8,0,25,0.043000000000000003,2.7,93.8,27,1010,N/A
2015,9,12,14,30,285,56,26,0.043000000000000003,2.9000000000000004,89.74,28,1010,N/A
2015,9,12,15,30,273,16,26,0.043000000000000003,3.1,89.93,28,1010,N/A
2015,9,12,16,30,425,302,26,0.043000000000000003,3.3000000000000003,89.73,29,1010,N/A
2015,9,12,17,30,356,26,26,0.043000000000000003,3.4000000000000004,84.52,29,1010,N/A
2015,9,12,18,30,432,101,26,0.043000000000000003,3.4000000000000004,84.59,29,1010,N/A
2015,9,12,19,30,355,336,26,0.043000000000000003,3.3000000000000003,89.85000000000001,29,1010,N/A
2015,9,12,20,30,298,139,26,0.043000000000000003,3.1,90.24,28,1010,N/A
2015,9,12,21,30,193,199,26,0.043000000000000003,2.8000000000000003,90.52,28,1010,N/A
2015,9,12,22,30,93,96,26,0.043000000000000003,2.4000000000000004,95.9,27,1010,N/A
2015,9,12,23,30,4,0,25,0.043000000000000003,2.1,99.41,27,1010,N/A
2015,9,13,0,30,0,0,25,0.043000000000000003,2,96.98,26,1010,N/A
2015,9,13,1,30,0,0,25,0.043000000000000003,1.8,94.63,26,1010,N/A
2015,9,13,2,30,0,0,24,0.043000000000000003,1.7000000000000002,92.05,26,1010,N/A
2015,9,13,3,30,0,0,24,0.043000000000000003,1.6,95.34,25,1010,N/A
2015,9,13,4,30,0,0,23,0.043000000000000003,1.6,93.59,25,1010,N/A
2015,9,13,5,30,0,0,23,0.043000000000000003,1.7000000000000002,92.22,25,1010,N/A
2015,9,13,6,30,0,0,23,0.043000000000000003,1.9000000000000001,91.28,25,1010,N/A
2015,9,13,7,30,0,0,23,0.043000000000000003,2,90.95,25,1010,N/A
2015,9,13,8,30,0,0,23,0.043000000000000003,2.1,90.95,25,1010,N/A
2015,9,13,9,30,0,0,23,0.043000000000000003,2.2,91.42,25,1010,N/A
2015,9,13,10,30,0,0,23,0.043000000000000003,2.2,91.81,25,1010,N/A
2015,9,13,11,30,7,0,23,0.043000000000000003,2.3000000000000003,92.61,25,1010,N/A
2015,9,13,12,30,99,221,24,0.043000000000000003,2.5,95.68,26,1010,N/A
2015,9,13,13,30,140,0,24,0.043000000000000003,2.6,89.91,26,1010,N/A
2015,9,13,14,30,65,0,23,0.043000000000000003,2.6,88.68,26,1010,N/A
2015,9,13,15,30,391,146,23,0.043000000000000003,2.5,82.52,27,1010,N/A
2015,9,13,16,30,413,66,23,0.043000000000000003,2.4000000000000004,81.53,27,1010,N/A
2015,9,13,17,30,411,374,23,0.043000000000000003,2.4000000000000004,80.78,27,1010,N/A
2015,9,13,18,30,426,272,23,0.043000000000000003,2.4000000000000004,79.9,27,1010,N/A
2015,9,13,19,30,343,369,22,0.043000000000000003,2.5,83.5,26,1010,N/A
2015,9,13,20,30,274,317,22,0.043000000000000003,2.4000000000000004,82.52,26,1010,N/A
2015,9,13,21,30,147,460,22,0.043000000000000003,2.3000000000000003,81.48,26,1010,N/A
2015,9,13,22,30,78,326,22,0.043000000000000003,2.2,83.51,25,1010,N/A
2015,9,13,23,30,0,0,21,0.043000000000000003,2,83.2,25,1010,N/A
2015,9,14,0,30,0,0,21,0.043000000000000003,2,84.59,24,1010,N/A
2015,9,14,1,30,0,0,20,0.043000000000000003,2,82.39,24,1010,N/A
2015,9,14,2,30,0,0,20,0.043000000000000003,2,80.56,24,1010,N/A
2015,9,14,3,30,0,0,20,0.043000000000000003,2,84.23,23,1010,N/A
2015,9,14,4,30,0,0,20,0.043000000000000003,2,83.54,23,1010,N/A
2015,9,14,5,30,0,0,20,0.043000000000000003,2.1,88.77,23,1010,N/A
2015,9,14,6,30,0,0,20,0.043000000000000003,2.2,89.06,22,1010,N/A
2015,9,14,7,30,0,0,20,0.043000000000000003,2.4000000000000004,89.39,22,1010,N/A
2015,9,14,8,30,0,0,20,0.043000000000000003,2.5,89.89,22,1010,N/A
2015,9,14,9,30,0,0,20,0.043000000000000003,2.6,90.14,22,1010,N/A
2015,9,14,10,30,0,0,20,0.043000000000000003,2.8000000000000003,90.17,22,1010,N/A
2015,9,14,11,30,16,96,20,0.043000000000000003,3.2,90.45,22,1010,N/A
2015,9,14,12,30,103,139,20,0.043000000000000003,3.4000000000000004,92.88,23,1010,N/A
2015,9,14,13,30,176,378,21,0.043000000000000003,3.5,85.14,24,1010,N/A
2015,9,14,14,30,187,608,21,0.043000000000000003,3.4000000000000004,81.57000000000001,26,1010,N/A
2015,9,14,15,30,358,343,22,0.043000000000000003,3,79.53,27,1010,N/A
2015,9,14,16,30,391,384,22,0.043000000000000003,2.5,77.52,28,1010,N/A
2015,9,14,17,30,460,186,23,0.043000000000000003,2.3000000000000003,74.38,28,1010,N/A
2015,9,14,18,30,423,277,23,0.043000000000000003,2.2,70.78,29,1010,N/A
2015,9,14,19,30,363,80,23,0.043000000000000003,2.1,71.13,29,1010,N/A
2015,9,14,20,30,205,527,23,0.043000000000000003,2.1,72.14,29,1010,N/A
2015,9,14,21,30,165,360,23,0.043000000000000003,2.1,78.24,28,1010,N/A
2015,9,14,22,30,75,387,23,0.043000000000000003,2.2,83.48,27,1010,N/A
2015,9,14,23,30,0,0,24,0.043000000000000003,2.5,85.44,27,1010,N/A
2015,9,15,0,30,0,0,24,0.043000000000000003,3.2,90.62,26,1010,N/A
2015,9,15,1,30,0,0,24,0.043000000000000003,3.7,91.92,26,1010,N/A
2015,9,15,2,30,0,0,24,0.043000000000000003,3.8000000000000003,98.56,25,1010,N/A
2015,9,15,3,30,0,0,24,0.043000000000000003,3.7,98.39,25,1010,N/A
2015,9,15,4,30,0,0,24,0.043000000000000003,3.7,97.19,25,1010,N/A
2015,9,15,5,30,0,0,24,0.043000000000000003,3.6,100,24,1010,N/A
2015,9,15,6,30,0,0,24,0.043000000000000003,3.4000000000000004,100,24,1010,N/A
2015,9,15,7,30,0,0,24,0.043000000000000003,3.4000000000000004,100,24,1010,N/A
2015,9,15,8,30,0,0,23,0.043000000000000003,3.4000000000000004,99.84,24,1010,N/A
2015,9,15,9,30,0,0,24,0.043000000000000003,3.4000000000000004,100,24,1010,N/A
2015,9,15,10,30,0,0,24,0.043000000000000003,3.4000000000000004,100,24,1010,N/A
2015,9,15,11,30,19,0,24,0.043000000000000003,3.6,100,24,1010,N/A
2015,9,15,12,30,102,133,24,0.043000000000000003,3.7,97.77,25,1020,N/A
2015,9,15,13,30,187,313,25,0.043000000000000003,3.8000000000000003,95.13,26,1020,N/A
2015,9,15,14,30,225,501,25,0.043000000000000003,3.8000000000000003,91.88,27,1020,N/A
2015,9,15,15,30,320,432,25,0.043000000000000003,3.7,92.11,28,1020,N/A
2015,9,15,16,30,422,296,25,0.043000000000000003,3.7,86.49,28,1020,N/A
2015,9,15,17,30,125,0,25,0.043000000000000003,3.6,86.79,28,1020,N/A
2015,9,15,18,30,236,10,25,0.043000000000000003,3.4000000000000004,87.09,29,1010,N/A
2015,9,15,19,30,378,159,25,0.043000000000000003,3.1,87.71000000000001,28,1010,N/A
2015,9,15,20,30,225,16,26,0.043000000000000003,3,89.14,28,1010,N/A
2015,9,15,21,30,189,110,26,0.043000000000000003,3,96.23,27,1010,N/A
2015,9,15,22,30,79,1,26,0.043000000000000003,3.1,100,26,1020,N/A
2015,9,15,23,30,0,0,26,0.043000000000000003,3.1,100,26,1020,N/A
2015,9,16,0,30,0,0,25,0.043000000000000003,3,99.62,26,1020,N/A
2015,9,16,1,30,0,0,25,0.043000000000000003,3,100,26,1020,N/A
2015,9,16,2,30,0,0,25,0.043000000000000003,3.1,100,25,1020,N/A
2015,9,16,3,30,0,0,24,0.043000000000000003,3.4000000000000004,98.56,25,1020,N/A
2015,9,16,4,30,0,0,24,0.043000000000000003,3.5,97.47,25,1020,N/A
2015,9,16,5,30,0,0,24,0.043000000000000003,3.6,96.82000000000001,25,1020,N/A
2015,9,16,6,30,0,0,24,0.043000000000000003,3.6,96.52,25,1020,N/A
2015,9,16,7,30,0,0,24,0.043000000000000003,3.6,96.52,25,1010,N/A
2015,9,16,8,30,0,0,24,0.043000000000000003,3.7,96.67,25,1010,N/A
2015,9,16,9,30,0,0,24,0.043000000000000003,3.6,96.96000000000001,25,1010,N/A
2015,9,16,10,30,0,0,24,0.043000000000000003,3.6,96.94,25,1010,N/A
2015,9,16,11,30,11,0,24,0.043000000000000003,3.8000000000000003,96.60000000000001,25,1020,N/A
2015,9,16,12,30,40,0,24,0.043000000000000003,4.1000000000000005,97.32000000000001,25,1020,N/A
2015,9,16,13,30,89,0,24,0.043000000000000003,4.3,98.88,25,1020,N/A
2015,9,16,14,30,255,29,25,0.043000000000000003,4.5,94.65,26,1020,N/A
2015,9,16,15,30,252,13,25,0.043000000000000003,4.800000000000001,89.29,27,1020,N/A
2015,9,16,16,30,415,73,24,0.043000000000000003,4.7,87.12,27,1020,N/A
2015,9,16,17,30,370,32,24,0.043000000000000003,4.4,90.96000000000001,26,1020,N/A
2015,9,16,18,30,425,103,24,0.043000000000000003,3.9000000000000004,89.97,26,1010,N/A
2015,9,16,19,30,300,27,24,0.043000000000000003,3.5,89.74,26,1010,N/A
2015,9,16,20,30,256,39,24,0.043000000000000003,3.2,89.92,26,1010,N/A
2015,9,16,21,30,115,0,24,0.043000000000000003,3,96.28,26,1010,N/A
2015,9,16,22,30,77,0,24,0.043000000000000003,3,97.09,25,1010,N/A
2015,9,16,23,30,0,0,24,0.043000000000000003,3.1,96.77,25,1010,N/A
2015,9,17,0,30,0,0,24,0.043000000000000003,3.4000000000000004,96.91,25,1010,N/A
2015,9,17,1,30,0,0,24,0.043000000000000003,3.8000000000000003,97.12,25,1010,N/A
2015,9,17,2,30,0,0,24,0.043000000000000003,4,100,25,1010,N/A
2015,9,17,3,30,0,0,24,0.043000000000000003,4,100,24,1010,N/A
2015,9,17,4,30,0,0,24,0.043000000000000003,3.8000000000000003,100,24,1010,N/A
2015,9,17,5,30,0,0,24,0.043000000000000003,3.7,100,24,1010,N/A
2015,9,17,6,30,0,0,24,0.043000000000000003,3.6,100,24,1010,N/A
2015,9,17,7,30,0,0,24,0.043000000000000003,3.6,100,24,1010,N/A
2015,9,17,8,30,0,0,24,0.043000000000000003,3.8000000000000003,100,24,1010,N/A
2015,9,17,9,30,0,0,24,0.043000000000000003,3.7,100,24,1010,N/A
2015,9,17,10,30,0,0,24,0.043000000000000003,3.5,100,24,1010,N/A
2015,9,17,11,30,4,0,24,0.043000000000000003,3.6,100,24,1010,N/A
2015,9,17,12,30,24,0,24,0.043000000000000003,3.7,100,24,1010,N/A
2015,9,17,13,30,61,0,24,0.043000000000000003,3.7,100,25,1010,N/A
2015,9,17,14,30,166,0,24,0.043000000000000003,3.7,97.71000000000001,25,1010,N/A
2015,9,17,15,30,255,13,24,0.043000000000000003,3.7,98.03,25,1010,N/A
2015,9,17,16,30,413,72,24,0.043000000000000003,3.6,92.15,26,1010,N/A
2015,9,17,17,30,290,15,24,0.043000000000000003,3.5,91.9,26,1010,N/A
2015,9,17,18,30,329,24,24,0.043000000000000003,3.4000000000000004,91.85000000000001,26,1010,N/A
2015,9,17,19,30,142,0,24,0.043000000000000003,3.3000000000000003,91.95,26,1010,N/A
2015,9,17,20,30,169,1,24,0.043000000000000003,3.2,92.18,26,1010,N/A
2015,9,17,21,30,185,114,24,0.043000000000000003,3.1,98.57000000000001,25,1010,N/A
2015,9,17,22,30,77,6,24,0.043000000000000003,3,99.05,25,1010,N/A
2015,9,17,23,30,0,0,24,0.043000000000000003,2.9000000000000004,97.8,25,1010,N/A
2015,9,18,0,30,0,0,24,0.043000000000000003,2.9000000000000004,96.65,25,1010,N/A
2015,9,18,1,30,0,0,24,0.043000000000000003,2.8000000000000003,100,24,1010,N/A
2015,9,18,2,30,0,0,24,0.043000000000000003,2.7,100,24,1010,N/A
2015,9,18,3,30,0,0,23,0.043000000000000003,2.6,99.34,24,1010,N/A
2015,9,18,4,30,0,0,23,0.043000000000000003,2.5,98.18,24,1010,N/A
2015,9,18,5,30,0,0,23,0.043000000000000003,2.3000000000000003,100,24,1010,N/A
2015,9,18,6,30,0,0,23,0.043000000000000003,2,100,23,1010,N/A
2015,9,18,7,30,0,0,23,0.043000000000000003,1.8,100,23,1000,N/A
2015,9,18,8,30,0,0,22,0.043000000000000003,1.6,99,23,1000,N/A
2015,9,18,9,30,0,0,22,0.043000000000000003,1.4000000000000001,98.01,23,1000,N/A
2015,9,18,10,30,0,0,22,0.043000000000000003,1.4000000000000001,97.08,23,1000,N/A
2015,9,18,11,30,14,93,22,0.043000000000000003,1.6,97.13,23,1000,N/A
2015,9,18,12,30,83,0,22,0.043000000000000003,1.8,94.06,24,1010,N/A
2015,9,18,13,30,202,99,23,0.043000000000000003,1.5,95.21000000000001,25,1010,N/A
2015,9,18,14,30,101,788,23,0.043000000000000003,1.2000000000000002,90.36,26,1010,N/A
2015,9,18,15,30,111,836,23,0.043000000000000003,1,85.42,27,1010,N/A
2015,9,18,16,30,389,297,23,0.043000000000000003,1,80.94,27,1000,N/A
2015,9,18,17,30,420,345,23,0.043000000000000003,1.1,76.67,28,1000,N/A
2015,9,18,18,30,127,838,23,0.043000000000000003,1.3,76.93,28,1000,N/A
2015,9,18,19,30,123,803,23,0.043000000000000003,1.6,77.36,28,1000,N/A
2015,9,18,20,30,252,334,23,0.043000000000000003,1.7000000000000002,77.82000000000001,28,1000,N/A
2015,9,18,21,30,102,610,24,0.043000000000000003,1.9000000000000001,79.2,28,1000,N/A
2015,9,18,22,30,69,378,24,0.043000000000000003,1.9000000000000001,84.78,27,1000,N/A
2015,9,18,23,30,0,0,24,0.043000000000000003,1.9000000000000001,91.92,26,1000,N/A
2015,9,19,0,30,0,0,24,0.043000000000000003,2.1,91.49,26,1000,N/A
2015,9,19,1,30,0,0,24,0.043000000000000003,2.3000000000000003,91.18,26,1000,N/A
2015,9,19,2,30,0,0,24,0.043000000000000003,2.4000000000000004,96.60000000000001,25,1000,N/A
2015,9,19,3,30,0,0,24,0.043000000000000003,2.3000000000000003,96.46000000000001,25,1000,N/A
2015,9,19,4,30,0,0,24,0.043000000000000003,2.2,96.10000000000001,25,1000,N/A
2015,9,19,5,30,0,0,24,0.043000000000000003,2,100,24,1000,N/A
2015,9,19,6,30,0,0,24,0.043000000000000003,1.9000000000000001,100,24,1000,N/A
2015,9,19,7,30,0,0,24,0.043000000000000003,1.8,100,24,1000,N/A
2015,9,19,8,30,0,0,23,0.043000000000000003,1.7000000000000002,99.56,24,1000,N/A
2015,9,19,9,30,0,0,23,0.043000000000000003,1.7000000000000002,98.82000000000001,24,1000,N/A
2015,9,19,10,30,0,0,23,0.043000000000000003,1.6,97.88,24,1000,N/A
2015,9,19,11,30,13,29,23,0.043000000000000003,1.8,97.57000000000001,24,1000,N/A
2015,9,19,12,30,82,402,24,0.043000000000000003,2,94.52,25,1010,N/A
2015,9,19,13,30,117,603,24,0.043000000000000003,1.7000000000000002,90.37,26,1010,N/A
2015,9,19,14,30,134,713,24,0.043000000000000003,1.4000000000000001,85.97,27,1010,N/A
2015,9,19,15,30,144,773,24,0.043000000000000003,1.5,81.57000000000001,28,1010,N/A
2015,9,19,16,30,147,805,24,0.043000000000000003,1.7000000000000002,82.31,28,1010,N/A
2015,9,19,17,30,148,813,24,0.043000000000000003,1.9000000000000001,78.41,29,1010,N/A
2015,9,19,18,30,117,849,24,0.043000000000000003,2.1,79.04,29,1010,N/A
2015,9,19,19,30,115,814,25,0.043000000000000003,2.2,79.37,29,1000,N/A
2015,9,19,20,30,107,751,25,0.043000000000000003,2.3000000000000003,84.66,28,1000,N/A
2015,9,19,21,30,94,629,25,0.043000000000000003,2.3000000000000003,85.89,28,1000,N/A
2015,9,19,22,30,64,393,25,0.043000000000000003,2.1,92.02,27,1010,N/A
2015,9,19,23,30,0,0,25,0.043000000000000003,2,97.98,27,1010,N/A
2015,9,20,0,30,0,0,25,0.043000000000000003,2.1,97.4,26,1010,N/A
2015,9,20,1,30,0,0,25,0.043000000000000003,2.2,97.47,26,1010,N/A
2015,9,20,2,30,0,0,25,0.043000000000000003,2.4000000000000004,97.48,26,1010,N/A
2015,9,20,3,30,0,0,25,0.043000000000000003,2.4000000000000004,96.99000000000001,26,1010,N/A
2015,9,20,4,30,0,0,25,0.043000000000000003,2.4000000000000004,100,25,1010,N/A
2015,9,20,5,30,0,0,25,0.043000000000000003,2.3000000000000003,100,25,1010,N/A
2015,9,20,6,30,0,0,24,0.043000000000000003,2.2,98.42,25,1010,N/A
2015,9,20,7,30,0,0,24,0.043000000000000003,2.1,100,24,1010,N/A
2015,9,20,8,30,0,0,24,0.043000000000000003,1.9000000000000001,100,24,1010,N/A
2015,9,20,9,30,0,0,23,0.043000000000000003,1.9000000000000001,98.87,24,1010,N/A
2015,9,20,10,30,0,0,23,0.043000000000000003,1.9000000000000001,97.60000000000001,24,1010,N/A
2015,9,20,11,30,13,119,23,0.043000000000000003,2.2,97.44,24,1010,N/A
2015,9,20,12,30,99,87,24,0.043000000000000003,2.5,95.4,25,1010,N/A
2015,9,20,13,30,73,752,24,0.043000000000000003,2.5,91.60000000000001,26,1010,N/A
2015,9,20,14,30,84,838,24,0.043000000000000003,2.4000000000000004,86.25,27,1010,N/A
2015,9,20,15,30,91,882,24,0.043000000000000003,2.3000000000000003,80.41,28,1010,N/A
2015,9,20,16,30,97,902,24,0.043000000000000003,2.1,75.13,29,1010,N/A
2015,9,20,17,30,100,905,24,0.043000000000000003,2,70.4,30,1010,N/A
2015,9,20,18,30,105,884,23,0.043000000000000003,1.8,69.86,30,1010,N/A
2015,9,20,19,30,102,852,23,0.043000000000000003,1.8,69.5,30,1010,N/A
2015,9,20,20,30,96,791,23,0.043000000000000003,1.7000000000000002,69.33,30,1010,N/A
2015,9,20,21,30,85,673,24,0.043000000000000003,1.6,74.63,30,1010,N/A
2015,9,20,22,30,57,453,23,0.043000000000000003,1.5,77.56,29,1010,N/A
2015,9,20,23,30,0,0,24,0.043000000000000003,1.4000000000000001,85.87,28,1010,N/A
2015,9,21,0,30,0,0,24,0.043000000000000003,1.4000000000000001,85.98,27,1010,N/A
2015,9,21,1,30,0,0,24,0.043000000000000003,1.4000000000000001,90.83,26,1010,N/A
2015,9,21,2,30,0,0,24,0.043000000000000003,1.4000000000000001,90.31,26,1010,N/A
2015,9,21,3,30,0,0,24,0.043000000000000003,1.5,95.94,26,1010,N/A
2015,9,21,4,30,0,0,24,0.043000000000000003,1.6,96.39,25,1010,N/A
2015,9,21,5,30,0,0,24,0.043000000000000003,1.7000000000000002,96.32000000000001,25,1010,N/A
2015,9,21,6,30,0,0,24,0.043000000000000003,1.7000000000000002,100,25,1010,N/A
2015,9,21,7,30,0,0,24,0.043000000000000003,1.6,100,24,1010,N/A
2015,9,21,8,30,0,0,24,0.043000000000000003,1.6,100,24,1010,N/A
2015,9,21,9,30,0,0,24,0.043000000000000003,1.5,100,24,1010,N/A
2015,9,21,10,30,0,0,23,0.043000000000000003,1.4000000000000001,99.02,24,1010,N/A
2015,9,21,11,30,13,74,23,0.043000000000000003,1.3,98.12,24,1010,N/A
2015,9,21,12,30,64,514,24,0.043000000000000003,1.2000000000000002,94.97,25,1010,N/A
2015,9,21,13,30,88,701,23,0.043000000000000003,1.1,82.21000000000001,27,1010,N/A
2015,9,21,14,30,103,792,22,0.043000000000000003,1.1,73.56,28,1010,N/A
2015,9,21,15,30,123,822,22,0.043000000000000003,1.2000000000000002,68.84,29,1010,N/A
2015,9,21,16,30,348,412,22,0.043000000000000003,1.4000000000000001,68.77,29,1010,N/A
2015,9,21,17,30,388,398,22,0.043000000000000003,1.5,64.89,30,1010,N/A
2015,9,21,18,30,371,394,22,0.043000000000000003,1.6,64.93,30,1010,N/A
2015,9,21,19,30,328,368,22,0.043000000000000003,1.7000000000000002,65.07000000000001,30,1010,N/A
2015,9,21,20,30,236,405,22,0.043000000000000003,1.7000000000000002,65.74,30,1010,N/A
2015,9,21,21,30,178,180,23,0.043000000000000003,1.7000000000000002,70.17,29,1010,N/A
2015,9,21,22,30,72,216,22,0.043000000000000003,1.6,72.5,28,1010,N/A
2015,9,21,23,30,0,0,23,0.043000000000000003,1.6,82.3,27,1010,N/A
2015,9,22,0,30,0,0,23,0.041,2.1,86.16,27,1010,N/A
2015,9,22,1,30,0,0,23,0.041,2.9000000000000004,85.71000000000001,26,1010,N/A
2015,9,22,2,30,0,0,23,0.041,3.4000000000000004,91.59,25,1010,N/A
2015,9,22,3,30,0,0,23,0.041,3.5,92.61,25,1010,N/A
2015,9,22,4,30,0,0,23,0.041,3.3000000000000003,98.82000000000001,24,1010,N/A
2015,9,22,5,30,0,0,23,0.041,3,98.60000000000001,24,1010,N/A
2015,9,22,6,30,0,0,23,0.041,2.6,98.11,24,1010,N/A
2015,9,22,7,30,0,0,23,0.041,2.4000000000000004,97.3,24,1010,N/A
2015,9,22,8,30,0,0,23,0.041,2.1,95.46000000000001,24,1010,N/A
2015,9,22,9,30,0,0,22,0.041,1.9000000000000001,94.09,24,1010,N/A
2015,9,22,10,30,0,0,22,0.041,1.8,92.9,24,1010,N/A
2015,9,22,11,30,11,33,22,0.041,2,91.95,24,1010,N/A
2015,9,22,12,30,81,405,22,0.041,2.4000000000000004,92.93,24,1010,N/A
2015,9,22,13,30,116,608,22,0.041,2.7,88.21000000000001,25,1010,N/A
2015,9,22,14,30,134,718,22,0.041,2.7,82.47,26,1010,N/A
2015,9,22,15,30,145,777,22,0.041,2.6,77.14,27,1010,N/A
2015,9,22,16,30,349,404,22,0.041,2.4000000000000004,72.63,28,1010,N/A
2015,9,22,17,30,412,347,22,0.041,2.2,72.41,28,1010,N/A
2015,9,22,18,30,341,414,22,0.041,2,67.98,29,1010,N/A
2015,9,22,19,30,244,523,22,0.041,1.8,67.84,29,1010,N/A
2015,9,22,20,30,209,485,22,0.041,1.8,68.14,29,1010,N/A
2015,9,22,21,30,175,154,22,0.041,1.9000000000000001,72.48,28,1010,N/A
2015,9,22,22,30,73,166,22,0.041,2,77.52,27,1010,N/A
2015,9,22,23,30,0,0,23,0.041,2.3000000000000003,85.09,26,1010,N/A
2015,9,23,0,30,0,0,23,0.041,2.9000000000000004,84.06,26,1010,N/A
2015,9,23,1,30,0,0,23,0.041,3.4000000000000004,89.89,25,1010,N/A
2015,9,23,2,30,0,0,23,0.041,3.6,90.95,25,1010,N/A
2015,9,23,3,30,0,0,23,0.041,3.4000000000000004,97.8,24,1010,N/A
2015,9,23,4,30,0,0,23,0.041,3.2,98.5,24,1010,N/A
2015,9,23,5,30,0,0,23,0.041,2.9000000000000004,98.04,24,1010,N/A
2015,9,23,6,30,0,0,23,0.041,2.7,97.7,24,1010,N/A
2015,9,23,7,30,0,0,23,0.041,2.5,97.44,24,1010,N/A
2015,9,23,8,30,0,0,23,0.041,2.4000000000000004,97.34,24,1010,N/A
2015,9,23,9,30,0,0,23,0.041,2.4000000000000004,100,24,1010,N/A
2015,9,23,10,30,0,0,23,0.041,2.4000000000000004,100,24,1010,N/A
2015,9,23,11,30,9,0,23,0.041,2.7,100,24,1010,N/A
2015,9,23,12,30,71,464,23,0.041,3.1,98.79,24,1010,N/A
2015,9,23,13,30,183,299,24,0.041,3.2,100,25,1010,N/A
2015,9,23,14,30,124,739,24,0.041,3.3000000000000003,96.4,25,1010,N/A
2015,9,23,15,30,379,191,24,0.041,3.2,91.48,26,1010,N/A
2015,9,23,16,30,429,133,24,0.041,3,91.61,26,1010,N/A
2015,9,23,17,30,395,300,24,0.041,2.8000000000000003,86.5,27,1010,N/A
2015,9,23,18,30,335,415,24,0.041,2.7,86.62,27,1010,N/A
2015,9,23,19,30,340,311,24,0.041,2.7,86.69,28,1010,N/A
2015,9,23,20,30,271,105,24,0.041,2.8000000000000003,82.07000000000001,28,1010,N/A
2015,9,23,21,30,127,475,24,0.041,2.8000000000000003,87.57000000000001,27,1010,N/A
2015,9,23,22,30,71,280,24,0.041,2.7,93.49,27,1010,N/A
2015,9,23,23,30,0,0,24,0.041,2.9000000000000004,93.10000000000001,26,1010,N/A
2015,9,24,0,30,0,0,24,0.041,3.4000000000000004,92.45,26,1010,N/A
2015,9,24,1,30,0,0,24,0.041,3.6,97.57000000000001,25,1010,N/A
2015,9,24,2,30,0,0,24,0.041,3.6,96.5,25,1010,N/A
2015,9,24,3,30,0,0,24,0.041,3.4000000000000004,100,24,1010,N/A
2015,9,24,4,30,0,0,23,0.041,3.1,99.84,24,1010,N/A
2015,9,24,5,30,0,0,23,0.041,2.8000000000000003,99.07000000000001,24,1010,N/A
2015,9,24,6,30,0,0,23,0.041,2.5,98.61,24,1010,N/A
2015,9,24,7,30,0,0,23,0.041,2.2,98.19,24,1010,N/A
2015,9,24,8,30,0,0,23,0.041,2,100,24,1010,N/A
2015,9,24,9,30,0,0,23,0.041,1.8,100,23,1010,N/A
2015,9,24,10,30,0,0,23,0.041,1.8,100,23,1010,N/A
2015,9,24,11,30,10,0,23,0.041,1.9000000000000001,100,23,1010,N/A
2015,9,24,12,30,95,146,23,0.041,2.1,97.31,24,1010,N/A
2015,9,24,13,30,156,7,23,0.041,2,97.91,24,1010,N/A
2015,9,24,14,30,284,87,23,0.041,1.6,93.7,25,1010,N/A
2015,9,24,15,30,112,833,23,0.041,1.2000000000000002,88.08,26,1010,N/A
2015,9,24,16,30,115,861,23,0.041,0.9,86.88,27,1010,N/A
2015,9,24,17,30,116,869,23,0.041,0.6000000000000001,80.39,27,1010,N/A
2015,9,24,18,30,335,461,22,0.041,0.4,74.19,28,1010,N/A
2015,9,24,19,30,269,500,22,0.041,0.30000000000000004,73.10000000000001,28,1010,N/A
2015,9,24,20,30,210,452,22,0.041,0.4,73.27,28,1010,N/A
2015,9,24,21,30,87,641,22,0.041,0.4,72.76,28,1010,N/A
2015,9,24,22,30,56,401,22,0.041,0.5,76.67,27,1010,N/A
2015,9,24,23,30,0,0,22,0.041,0.6000000000000001,78.65,27,1010,N/A
2015,9,25,0,30,0,0,22,0.041,1,81.83,26,1010,N/A
2015,9,25,1,30,0,0,22,0.041,1.4000000000000001,82.63,26,1010,N/A
2015,9,25,2,30,0,0,23,0.041,1.9000000000000001,89.06,25,1010,N/A
2015,9,25,3,30,0,0,23,0.041,2.4000000000000004,90,25,1010,N/A
2015,9,25,4,30,0,0,23,0.041,2.7,95.95,25,1010,N/A
2015,9,25,5,30,0,0,23,0.041,2.9000000000000004,96.42,24,1010,N/A
2015,9,25,6,30,0,0,23,0.041,2.9000000000000004,96.95,24,1010,N/A
2015,9,25,7,30,0,0,23,0.041,2.7,97.25,24,1010,N/A
2015,9,25,8,30,0,0,23,0.041,2.6,97.33,24,1010,N/A
2015,9,25,9,30,0,0,23,0.041,2.4000000000000004,97.07000000000001,24,1010,N/A
2015,9,25,10,30,0,0,23,0.041,2.3000000000000003,96.77,24,1010,N/A
2015,9,25,11,30,9,30,23,0.041,2.5,96.74000000000001,24,1010,N/A
2015,9,25,12,30,50,0,23,0.041,2.7,99.88,24,1010,N/A
2015,9,25,13,30,108,620,24,0.041,2.3000000000000003,96.85000000000001,25,1010,N/A
2015,9,25,14,30,128,722,24,0.041,1.7000000000000002,92.83,26,1010,N/A
2015,9,25,15,30,142,772,24,0.041,1.1,87.52,27,1010,N/A
2015,9,25,16,30,392,350,24,0.041,0.6000000000000001,82.01,28,1010,N/A
2015,9,25,17,30,271,14,24,0.041,0.6000000000000001,81.47,28,1010,N/A
2015,9,25,18,30,411,237,24,0.041,1,81.23,28,1010,N/A
2015,9,25,19,30,344,85,24,0.041,1.5,82.03,28,1010,N/A
2015,9,25,20,30,76,0,24,0.041,1.8,83.22,28,1010,N/A
2015,9,25,21,30,127,456,24,0.041,1.9000000000000001,87.83,27,1010,N/A
2015,9,25,22,30,69,241,24,0.041,1.8,94.09,26,1010,N/A
2015,9,25,23,30,0,0,25,0.041,1.9000000000000001,95.23,26,1010,N/A
2015,9,26,0,30,0,0,24,0.041,2,93.89,26,1010,N/A
2015,9,26,1,30,0,0,24,0.041,1.9000000000000001,93.35000000000001,26,1010,N/A
2015,9,26,2,30,0,0,24,0.041,1.8,98.68,25,1010,N/A
2015,9,26,3,30,0,0,24,0.041,1.5,98.21000000000001,25,1010,N/A
2015,9,26,4,30,0,0,24,0.041,1.3,97.67,25,1010,N/A
2015,9,26,5,30,0,0,24,0.041,1.2000000000000002,97.04,25,1010,N/A
2015,9,26,6,30,0,0,24,0.041,1.1,100,25,1010,N/A
2015,9,26,7,30,0,0,24,0.041,1,100,24,1010,N/A
2015,9,26,8,30,0,0,24,0.041,1,100,24,1010,N/A
2015,9,26,9,30,0,0,23,0.041,1,99.56,24,1010,N/A
2015,9,26,10,30,0,0,23,0.041,1,99.14,24,1010,N/A
2015,9,26,11,30,10,0,23,0.041,1.2000000000000002,99.08,24,1010,N/A
2015,9,26,12,30,78,355,24,0.041,1.5,96.96000000000001,25,1010,N/A
2015,9,26,13,30,179,306,24,0.041,1.6,98.61,25,1010,N/A
2015,9,26,14,30,247,418,24,0.041,1.5,93.63,26,1010,N/A
2015,9,26,15,30,350,324,24,0.041,1.4000000000000001,88.38,27,1010,N/A
2015,9,26,16,30,392,346,24,0.041,1.2000000000000002,83.15,28,1010,N/A
2015,9,26,17,30,397,369,24,0.041,1.1,82.35000000000001,28,1010,N/A
2015,9,26,18,30,382,344,24,0.041,0.9,81.53,29,1010,N/A
2015,9,26,19,30,304,412,24,0.041,0.8,81.63,29,1010,N/A
2015,9,26,20,30,248,313,24,0.041,0.7000000000000001,82.45,29,1010,N/A
2015,9,26,21,30,155,279,24,0.041,0.7000000000000001,80.88,28,1010,N/A
2015,9,26,22,30,68,115,24,0.041,0.6000000000000001,87.68,28,1010,N/A
2015,9,26,23,30,0,0,24,0.041,0.7000000000000001,86.38,27,1010,N/A
2015,9,27,0,30,0,0,24,0.041,1.1,86.26,27,1010,N/A
2015,9,27,1,30,0,0,24,0.041,1.6,93.06,26,1010,N/A
2015,9,27,2,30,0,0,24,0.041,2,94.12,26,1010,N/A
2015,9,27,3,30,0,0,25,0.041,2.4000000000000004,94.81,26,1010,N/A
2015,9,27,4,30,0,0,25,0.041,2.6,100,26,1010,N/A
2015,9,27,5,30,0,0,25,0.041,2.6,100,25,1010,N/A
2015,9,27,6,30,0,0,25,0.041,2.5,100,25,1010,N/A
2015,9,27,7,30,0,0,24,0.041,2.4000000000000004,99.82000000000001,25,1010,N/A
2015,9,27,8,30,0,0,24,0.041,2.2,99.05,25,1010,N/A
2015,9,27,9,30,0,0,24,0.041,2,98.38,25,1010,N/A
2015,9,27,10,30,0,0,24,0.041,1.8,97.86,25,1010,N/A
2015,9,27,11,30,4,0,24,0.041,1.7000000000000002,97.43,25,1010,N/A
2015,9,27,12,30,62,0,24,0.041,1.8,99.28,25,1010,N/A
2015,9,27,13,30,94,0,25,0.041,1.7000000000000002,100,26,1010,N/A
2015,9,27,14,30,165,0,25,0.041,1.5,94.95,26,1010,N/A
2015,9,27,15,30,261,15,25,0.041,1.2000000000000002,94.89,27,1010,N/A
2015,9,27,16,30,350,34,25,0.041,0.9,88.85000000000001,27,1010,N/A
2015,9,27,17,30,426,98,24,0.041,0.7000000000000001,88.69,27,1010,N/A
2015,9,27,18,30,305,21,24,0.041,0.6000000000000001,88.43,27,1010,N/A
2015,9,27,19,30,26,0,24,0.041,0.6000000000000001,88.23,27,1010,N/A
2015,9,27,20,30,118,0,25,0.041,0.7000000000000001,89.04,27,1010,N/A
2015,9,27,21,30,141,12,24,0.041,0.8,88.23,27,1010,N/A
2015,9,27,22,30,60,0,25,0.041,0.8,94.27,26,1010,N/A
2015,9,27,23,30,0,0,25,0.041,1,94.87,26,1010,N/A
2015,9,28,0,30,0,0,25,0.041,1.3,100,25,1010,N/A
2015,9,28,1,30,0,0,25,0.041,1.6,100,25,1010,N/A
2015,9,28,2,30,0,0,24,0.041,1.7000000000000002,99.49000000000001,25,1010,N/A
2015,9,28,3,30,0,0,24,0.041,1.7000000000000002,98.65,25,1010,N/A
2015,9,28,4,30,0,0,24,0.041,1.6,97.55,25,1010,N/A
2015,9,28,5,30,0,0,24,0.041,1.6,96.51,25,1010,N/A
2015,9,28,6,30,0,0,24,0.041,1.5,95.8,25,1010,N/A
2015,9,28,7,30,0,0,24,0.041,1.5,95.41,25,1010,N/A
2015,9,28,8,30,0,0,24,0.041,1.5,100,25,1010,N/A
2015,9,28,9,30,0,0,24,0.041,1.6,100,25,1010,N/A
2015,9,28,10,30,0,0,24,0.041,1.7000000000000002,100,24,1010,N/A
2015,9,28,11,30,1,0,24,0.041,1.9000000000000001,100,24,1010,N/A
2015,9,28,12,30,27,0,24,0.041,2.2,97,25,1010,N/A
2015,9,28,13,30,109,0,24,0.041,2.4000000000000004,98.17,25,1010,N/A
2015,9,28,14,30,292,165,24,0.041,2.4000000000000004,93.19,26,1010,N/A
2015,9,28,15,30,342,58,24,0.041,2.3000000000000003,87.47,27,1010,N/A
2015,9,28,16,30,158,2,24,0.041,2.1,87.85000000000001,27,1010,N/A
2015,9,28,17,30,108,0,24,0.041,2,83.68,28,1010,N/A
2015,9,28,18,30,266,14,25,0.041,2,84.03,28,1010,N/A
2015,9,28,19,30,233,11,25,0.041,1.9000000000000001,83.97,28,1010,N/A
2015,9,28,20,30,152,0,25,0.041,2,89.51,27,1010,N/A
2015,9,28,21,30,108,0,25,0.041,2.2,89.44,27,1010,N/A
2015,9,28,22,30,54,0,25,0.041,2.1,94.82000000000001,26,1010,N/A
2015,9,28,23,30,0,0,25,0.041,2,94.83,26,1010,N/A
2015,9,29,0,30,0,0,25,0.041,2.1,100,26,1010,N/A
2015,9,29,1,30,0,0,25,0.041,2.3000000000000003,100,25,1010,N/A
2015,9,29,2,30,0,0,25,0.041,2.5,100,25,1010,N/A
2015,9,29,3,30,0,0,25,0.041,2.7,100,25,1010,N/A
2015,9,29,4,30,0,0,25,0.041,2.9000000000000004,100,25,1010,N/A
2015,9,29,5,30,0,0,25,0.041,3.1,100,25,1010,N/A
2015,9,29,6,30,0,0,25,0.041,3.3000000000000003,100,25,1000,N/A
2015,9,29,7,30,0,0,25,0.041,3.6,100,25,1000,N/A
2015,9,29,8,30,0,0,25,0.041,3.7,100,25,1000,N/A
2015,9,29,9,30,0,0,25,0.041,3.6,100,25,1000,N/A
2015,9,29,10,30,0,0,25,0.041,3.6,100,25,1000,N/A
2015,9,29,11,30,0,0,25,0.041,3.6,100,26,1000,N/A
2015,9,29,12,30,51,0,25,0.041,3.6,97.81,26,1010,N/A
2015,9,29,13,30,158,406,26,0.041,3.6,100,27,1010,N/A
2015,9,29,14,30,269,320,26,0.041,3.7,96.94,27,1010,N/A
2015,9,29,15,30,343,334,26,0.041,3.8000000000000003,92.65,28,1010,N/A
2015,9,29,16,30,410,261,26,0.041,3.9000000000000004,92.62,28,1010,N/A
2015,9,29,17,30,427,245,26,0.041,4,91.81,28,1010,N/A
2015,9,29,18,30,394,87,26,0.041,4,90.88,28,1000,N/A
2015,9,29,19,30,345,220,26,0.041,3.9000000000000004,90.3,28,1000,N/A
2015,9,29,20,30,209,18,26,0.041,3.7,90.09,28,1000,N/A
2015,9,29,21,30,145,309,26,0.041,3.1,89.98,28,1000,N/A
2015,9,29,22,30,62,142,26,0.041,2.5,94.95,27,1000,N/A
2015,9,29,23,30,0,0,25,0.041,2.2,92.19,27,1000,N/A
2015,9,30,0,30,0,0,25,0.04,2.1,95.65,26,1000,N/A
2015,9,30,1,30,0,0,25,0.04,2,94.25,26,1000,N/A
2015,9,30,2,30,0,0,24,0.04,2,93.12,26,1000,N/A
2015,9,30,3,30,0,0,24,0.04,2,92.5,26,1000,N/A
2015,9,30,4,30,0,0,24,0.04,2,92.34,26,1000,N/A
2015,9,30,5,30,0,0,24,0.04,2,92.22,26,1000,N/A
2015,9,30,6,30,0,0,24,0.04,2.1,92.17,26,1000,N/A
2015,9,30,7,30,0,0,24,0.04,2.2,92.09,26,1000,N/A
2015,9,30,8,30,0,0,24,0.04,2.3000000000000003,97.65,26,1000,N/A
2015,9,30,9,30,0,0,24,0.04,2.3000000000000003,97.46000000000001,26,1000,N/A
2015,9,30,10,30,0,0,24,0.04,2.3000000000000003,97.37,26,1000,N/A
2015,9,30,11,30,0,0,24,0.04,2.4000000000000004,92.03,26,1000,N/A
2015,9,30,12,30,63,474,25,0.04,2.9000000000000004,91.03,27,1000,N/A
2015,9,30,13,30,90,669,25,0.04,3.2,92.10000000000001,28,1000,N/A
2015,9,30,14,30,104,768,25,0.04,3.3000000000000003,86.53,28,1000,N/A
2015,9,30,15,30,112,823,25,0.04,3.4000000000000004,81.48,29,1000,N/A
2015,9,30,16,30,116,850,25,0.04,3.4000000000000004,81.4,29,1000,N/A
2015,9,30,17,30,117,857,25,0.04,3.5,81.17,29,1000,N/A
2015,9,30,18,30,373,85,25,0.04,3.5,80.66,29,1000,N/A
2015,9,30,19,30,338,252,25,0.04,3.4000000000000004,80.04,29,1000,N/A
2015,9,30,20,30,95,759,25,0.04,3.3000000000000003,84.34,28,1000,N/A
2015,9,30,21,30,78,641,25,0.04,2.9000000000000004,89.55,27,1000,N/A
2015,9,30,22,30,47,386,25,0.04,2.5,95.45,27,1000,N/A
2015,9,30,23,30,0,0,25,0.04,2.4000000000000004,94.63,26,1000,N/A
2015,10,1,0,30,0,0,24,0.04,2.4000000000000004,93.47,26,1000,N/A
2015,10,1,1,30,0,0,24,0.04,2.4000000000000004,92.61,26,1000,N/A
2015,10,1,2,30,0,0,24,0.04,2.5,97.37,26,1000,N/A
2015,10,1,3,30,0,0,24,0.04,2.6,96.75,25,1000,N/A
2015,10,1,4,30,0,0,24,0.04,2.7,96.55,25,1000,N/A
2015,10,1,5,30,0,0,24,0.04,2.7,96.42,25,1000,N/A
2015,10,1,6,30,0,0,24,0.04,2.6,96.25,25,1000,N/A
2015,10,1,7,30,0,0,24,0.04,2.6,96.21000000000001,25,1000,N/A
2015,10,1,8,30,0,0,24,0.04,2.5,96.18,25,1000,N/A
2015,10,1,9,30,0,0,24,0.04,2.3000000000000003,96.09,25,1000,N/A
2015,10,1,10,30,0,0,24,0.04,2.1,95.82000000000001,25,1000,N/A
2015,10,1,11,30,0,0,24,0.04,2.2,95.62,25,1000,N/A
2015,10,1,12,30,61,484,24,0.04,2.3000000000000003,92.86,26,1000,N/A
2015,10,1,13,30,190,174,24,0.04,2.4000000000000004,88.24,27,1000,N/A
2015,10,1,14,30,289,174,24,0.04,2.3000000000000003,88.08,27,1000,N/A
2015,10,1,15,30,364,115,24,0.04,2.2,83.07000000000001,28,1000,N/A
2015,10,1,16,30,408,259,24,0.04,2.2,83.45,28,1000,N/A
2015,10,1,17,30,412,294,24,0.04,2.2,78.77,29,1000,N/A
2015,10,1,18,30,333,32,24,0.04,2.3000000000000003,78.37,29,1000,N/A
2015,10,1,19,30,334,261,24,0.04,2.5,77.95,29,1000,N/A
2015,10,1,20,30,220,394,24,0.04,2.6,82.55,28,1000,N/A
2015,10,1,21,30,101,541,25,0.04,2.6,89.31,28,1000,N/A
2015,10,1,22,30,52,328,25,0.04,2.6,95.13,27,1000,N/A
2015,10,1,23,30,0,0,25,0.04,2.8000000000000003,96.03,26,1000,N/A
2015,10,2,0,30,0,0,25,0.04,3.1,95.81,26,1000,N/A
2015,10,2,1,30,0,0,25,0.04,3.3000000000000003,96.39,26,1000,N/A
2015,10,2,2,30,0,0,25,0.04,3.2,96.9,26,1000,N/A
2015,10,2,3,30,0,0,25,0.04,2.9000000000000004,97.05,26,1000,N/A
2015,10,2,4,30,0,0,25,0.04,2.6,100,26,1000,N/A
2015,10,2,5,30,0,0,25,0.04,2.4000000000000004,100,25,1000,N/A
2015,10,2,6,30,0,0,25,0.04,2.4000000000000004,100,25,1000,N/A
2015,10,2,7,30,0,0,25,0.04,2.5,100,25,1000,N/A
2015,10,2,8,30,0,0,24,0.04,2.6,99.64,25,1000,N/A
2015,10,2,9,30,0,0,24,0.04,2.6,98.68,25,1000,N/A
2015,10,2,10,30,0,0,24,0.04,2.5,100,25,1000,N/A
2015,10,2,11,30,0,0,24,0.04,2.7,100,25,1000,N/A
2015,10,2,12,30,60,0,24,0.04,3,97.35000000000001,25,1000,N/A
2015,10,2,13,30,172,33,24,0.04,3,98.11,25,1000,N/A
2015,10,2,14,30,87,819,24,0.04,2.9000000000000004,92.57000000000001,26,1000,N/A
2015,10,2,15,30,95,867,24,0.04,2.6,86.68,27,1000,N/A
2015,10,2,16,30,99,891,24,0.04,2.4000000000000004,86.17,27,1000,N/A
2015,10,2,17,30,189,6,24,0.04,2.3000000000000003,85.69,28,1000,N/A
2015,10,2,18,30,174,4,24,0.04,2.3000000000000003,80.01,28,1000,N/A
2015,10,2,19,30,342,140,24,0.04,2.5,84.27,27,1000,N/A
2015,10,2,20,30,120,700,24,0.04,2.8000000000000003,84.28,27,1000,N/A
2015,10,2,21,30,101,552,24,0.04,3,89.63,26,1000,N/A
2015,10,2,22,30,56,279,24,0.04,2.9000000000000004,95.25,25,1000,N/A
2015,10,2,23,30,0,0,23,0.04,2.9000000000000004,94,25,1000,N/A
2015,10,3,0,30,0,0,23,0.04,3,92.4,25,1000,N/A
2015,10,3,1,30,0,0,23,0.04,3.1,91.23,25,1000,N/A
2015,10,3,2,30,0,0,23,0.04,3,95.60000000000001,24,1000,N/A
2015,10,3,3,30,0,0,22,0.04,2.9000000000000004,94.03,24,1000,N/A
2015,10,3,4,30,0,0,22,0.04,2.7,92.23,24,1000,N/A
2015,10,3,5,30,0,0,22,0.04,2.4000000000000004,95.79,23,1000,N/A
2015,10,3,6,30,0,0,21,0.04,2,93.42,23,1000,N/A
2015,10,3,7,30,0,0,21,0.04,1.7000000000000002,91.10000000000001,23,1000,N/A
2015,10,3,8,30,0,0,21,0.04,1.7000000000000002,89.02,23,1000,N/A
2015,10,3,9,30,0,0,20,0.04,1.7000000000000002,93.18,23,1000,N/A
2015,10,3,10,30,0,0,20,0.04,1.7000000000000002,92.8,23,1000,N/A
2015,10,3,11,30,0,0,20,0.04,1.7000000000000002,87.23,23,1000,N/A
2015,10,3,12,30,54,555,21,0.04,2,86.95,24,1000,N/A
2015,10,3,13,30,74,750,21,0.04,2.5,87.29,25,1000,N/A
2015,10,3,14,30,84,841,21,0.04,3,82.13,25,1000,N/A
2015,10,3,15,30,92,884,21,0.04,3.5,83.17,25,1000,N/A
2015,10,3,16,30,93,911,22,0.04,4.1000000000000005,79.21000000000001,26,1000,N/A
2015,10,3,17,30,423,227,22,0.04,4.7,84.33,25,1000,N/A
2015,10,3,18,30,95,900,22,0.04,5.1000000000000005,83.69,25,1000,N/A
2015,10,3,19,30,320,68,21,0.04,5.2,82.29,25,1000,N/A
2015,10,3,20,30,205,19,21,0.04,5,85.76,24,1000,N/A
2015,10,3,21,30,74,667,21,0.04,4.4,89.87,24,1000,N/A
2015,10,3,22,30,55,52,21,0.04,3.5,89.54,23,1000,N/A
2015,10,3,23,30,0,0,21,0.04,2.9000000000000004,94.41,22,1000,N/A
2015,10,4,0,30,0,0,20,0.04,2.5,93.06,22,1000,N/A
2015,10,4,1,30,0,0,20,0.04,2.3000000000000003,91.76,22,1000,N/A
2015,10,4,2,30,0,0,20,0.04,2.2,90.57000000000001,22,1000,N/A
2015,10,4,3,30,0,0,20,0.04,2.1,89.69,22,1000,N/A
2015,10,4,4,30,0,0,20,0.04,2.1,89.10000000000001,22,1000,N/A
2015,10,4,5,30,0,0,20,0.04,2,88.68,22,1000,N/A
2015,10,4,6,30,0,0,20,0.04,2,88.52,22,1000,N/A
2015,10,4,7,30,0,0,20,0.04,2,88.44,22,1000,N/A
2015,10,4,8,30,0,0,19,0.04,2.2,88.43,22,1000,N/A
2015,10,4,9,30,0,0,20,0.04,2.3000000000000003,89.22,22,1000,N/A
2015,10,4,10,30,0,0,20,0.04,2.3000000000000003,90.2,22,1000,N/A
2015,10,4,11,30,0,0,20,0.04,2.3000000000000003,91.21000000000001,22,1000,N/A
2015,10,4,12,30,88,74,21,0.04,2.6,90.51,23,1000,N/A
2015,10,4,13,30,102,638,21,0.04,3,91.8,23,1000,N/A
2015,10,4,14,30,145,0,21,0.04,3.5,86.87,24,1000,N/A
2015,10,4,15,30,48,0,21,0.04,4.2,87.10000000000001,24,1000,N/A
2015,10,4,16,30,226,9,21,0.04,4.800000000000001,87.04,25,1000,N/A
2015,10,4,17,30,194,7,21,0.04,5.1000000000000005,86.54,24,1000,N/A
2015,10,4,18,30,399,156,21,0.04,5.1000000000000005,85.48,24,1000,N/A
2015,10,4,19,30,333,228,21,0.04,4.9,84.17,24,1000,N/A
2015,10,4,20,30,250,132,20,0.04,4.6000000000000005,83.09,24,1000,N/A
2015,10,4,21,30,103,0,20,0.04,3.9000000000000004,88.10000000000001,23,1000,N/A
2015,10,4,22,30,51,8,21,0.04,3.2,94.44,22,1000,N/A
2015,10,4,23,30,0,0,20,0.04,2.8000000000000003,93.66,22,1000,N/A
2015,10,5,0,30,0,0,20,0.04,2.5,92.79,22,1000,N/A
2015,10,5,1,30,0,0,20,0.04,2.2,97.54,21,1000,N/A
2015,10,5,2,30,0,0,20,0.04,1.9000000000000001,96.2,21,1000,N/A
2015,10,5,3,30,0,0,20,0.04,1.7000000000000002,94.37,21,1000,N/A
2015,10,5,4,30,0,0,19,0.04,1.8,92.4,21,1000,N/A
2015,10,5,5,30,0,0,19,0.04,2,91.84,21,1000,N/A
2015,10,5,6,30,0,0,19,0.04,2,91.54,21,1000,N/A
2015,10,5,7,30,0,0,19,0.04,1.7000000000000002,96.11,21,1000,N/A
2015,10,5,8,30,0,0,19,0.04,1.5,94.29,21,1000,N/A
2015,10,5,9,30,0,0,18,0.04,1.3,92.38,21,1000,N/A
2015,10,5,10,30,0,0,18,0.04,1.2000000000000002,86.45,21,1000,N/A
2015,10,5,11,30,0,0,18,0.04,1.2000000000000002,86.76,21,1000,N/A
2015,10,5,12,30,85,166,19,0.04,1.3,91.8,22,1000,N/A
2015,10,5,13,30,185,181,19,0.04,1.3,88.37,23,1000,N/A
2015,10,5,14,30,280,107,20,0.04,1.6,83.45,24,1000,N/A
2015,10,5,15,30,359,127,20,0.04,2.1,79.60000000000001,24,1000,N/A
2015,10,5,16,30,188,6,20,0.04,2.6,76.81,25,1000,N/A
2015,10,5,17,30,241,11,20,0.04,3,73.9,26,1000,N/A
2015,10,5,18,30,386,99,21,0.04,3.1,74.72,26,1000,N/A
2015,10,5,19,30,311,61,21,0.04,3,74.92,26,1000,N/A
2015,10,5,20,30,184,8,21,0.04,2.9000000000000004,79.38,25,1000,N/A
2015,10,5,21,30,65,0,21,0.04,2.5,84.49,24,1000,N/A
2015,10,5,22,30,49,15,21,0.04,2,90.87,23,1000,N/A
2015,10,5,23,30,0,0,21,0.04,1.6,90.35000000000001,23,1010,N/A
2015,10,6,0,30,0,0,21,0.04,1.5,94.23,23,1010,N/A
2015,10,6,1,30,0,0,20,0.04,1.3,93.39,22,1010,N/A
2015,10,6,2,30,0,0,20,0.04,1.2000000000000002,92.75,22,1010,N/A
2015,10,6,3,30,0,0,20,0.04,1.2000000000000002,92.47,22,1010,N/A
2015,10,6,4,30,0,0,20,0.04,1.2000000000000002,91.12,22,1010,N/A
2015,10,6,5,30,0,0,20,0.04,1.5,95.7,21,1010,N/A
2015,10,6,6,30,0,0,20,0.04,1.9000000000000001,94.76,21,1010,N/A
2015,10,6,7,30,0,0,20,0.04,2.2,94.22,21,1010,N/A
2015,10,6,8,30,0,0,20,0.04,2.5,100,21,1010,N/A
2015,10,6,9,30,0,0,20,0.04,2.7,100,20,1010,N/A
2015,10,6,10,30,0,0,20,0.04,2.7,100,20,1010,N/A
2015,10,6,11,30,0,0,19,0.04,2.9000000000000004,99.67,20,1010,N/A
2015,10,6,12,30,59,495,20,0.04,3.1,95.10000000000001,21,1010,N/A
2015,10,6,13,30,84,698,20,0.04,2.7,90.86,22,1010,N/A
2015,10,6,14,30,97,798,20,0.04,2.2,86.88,23,1010,N/A
2015,10,6,15,30,107,845,20,0.04,1.7000000000000002,82.24,24,1010,N/A
2015,10,6,16,30,112,868,20,0.04,1.4000000000000001,78.27,25,1010,N/A
2015,10,6,17,30,113,872,21,0.04,1.5,74.56,26,1010,N/A
2015,10,6,18,30,384,253,21,0.04,1.8,75.51,26,1010,N/A
2015,10,6,19,30,307,329,21,0.04,2.1,76.41,26,1010,N/A
2015,10,6,20,30,99,745,21,0.04,2.2,76.97,26,1010,N/A
2015,10,6,21,30,85,593,21,0.04,2.2,82.54,25,1010,N/A
2015,10,6,22,30,47,297,22,0.04,1.9000000000000001,88.61,24,1010,N/A
2015,10,6,23,30,0,0,22,0.04,1.8,89.62,24,1010,N/A
2015,10,7,0,30,0,0,21,0.04,2,87.67,24,1010,N/A
2015,10,7,1,30,0,0,21,0.04,2.3000000000000003,91.84,23,1010,N/A
2015,10,7,2,30,0,0,21,0.04,2.6,91.07000000000001,23,1010,N/A
2015,10,7,3,30,0,0,21,0.04,2.9000000000000004,91.16,23,1010,N/A
2015,10,7,4,30,0,0,21,0.04,3,97.71000000000001,22,1010,N/A
2015,10,7,5,30,0,0,21,0.04,2.9000000000000004,98.39,22,1010,N/A
2015,10,7,6,30,0,0,21,0.04,2.7,98.45,22,1010,N/A
2015,10,7,7,30,0,0,21,0.04,2.6,97.97,22,1010,N/A
2015,10,7,8,30,0,0,21,0.04,2.6,100,21,1010,N/A
2015,10,7,9,30,0,0,21,0.04,2.6,100,21,1010,N/A
2015,10,7,10,30,0,0,21,0.04,2.5,100,21,1010,N/A
2015,10,7,11,30,0,0,20,0.04,2.7,99.11,21,1010,N/A
2015,10,7,12,30,68,424,20,0.04,2.9000000000000004,99.65,22,1010,N/A
2015,10,7,13,30,97,646,21,0.04,2.8000000000000003,89.22,23,1010,N/A
2015,10,7,14,30,112,758,21,0.04,2.4000000000000004,85.84,24,1010,N/A
2015,10,7,15,30,108,841,21,0.04,1.8,82.53,25,1010,N/A
2015,10,7,16,30,111,868,22,0.04,1.4000000000000001,78.65,26,1010,N/A
2015,10,7,17,30,111,875,22,0.04,1.2000000000000002,74.4,27,1010,N/A
2015,10,7,18,30,105,868,22,0.04,1.2000000000000002,74.48,27,1010,N/A
2015,10,7,19,30,101,830,22,0.04,1.4000000000000001,74.4,28,1010,N/A
2015,10,7,20,30,92,761,22,0.04,1.7000000000000002,74.46000000000001,27,1010,N/A
2015,10,7,21,30,78,616,22,0.04,1.8,75.81,27,1010,N/A
2015,10,7,22,30,43,316,22,0.04,1.8,81.81,26,1010,N/A
2015,10,7,23,30,0,0,22,0.04,1.9000000000000001,88.31,25,1010,N/A
2015,10,8,0,30,0,0,22,0.039,2.4000000000000004,86.89,25,1010,N/A
2015,10,8,1,30,0,0,22,0.039,3,92.02,24,1010,N/A
2015,10,8,2,30,0,0,22,0.039,3.5,92.23,24,1010,N/A
2015,10,8,3,30,0,0,22,0.039,3.8000000000000003,98.35000000000001,23,1010,N/A
2015,10,8,4,30,0,0,22,0.039,3.7,98.46000000000001,23,1010,N/A
2015,10,8,5,30,0,0,22,0.039,3.6,100,23,1010,N/A
2015,10,8,6,30,0,0,22,0.039,3.3000000000000003,100,22,1010,N/A
2015,10,8,7,30,0,0,22,0.039,3.1,100,22,1010,N/A
2015,10,8,8,30,0,0,22,0.039,2.9000000000000004,100,22,1010,N/A
2015,10,8,9,30,0,0,21,0.039,2.8000000000000003,98.8,22,1010,N/A
2015,10,8,10,30,0,0,21,0.039,2.8000000000000003,97.73,22,1010,N/A
2015,10,8,11,30,0,0,21,0.039,3,96.89,22,1010,N/A
2015,10,8,12,30,45,0,21,0.039,3.1,97.75,22,1010,N/A
2015,10,8,13,30,79,700,22,0.039,3.1,89.05,24,1010,N/A
2015,10,8,14,30,92,799,22,0.039,3,86.98,25,1010,N/A
2015,10,8,15,30,99,851,23,0.039,2.6,83.75,26,1010,N/A
2015,10,8,16,30,103,875,23,0.039,2.2,79.7,27,1010,N/A
2015,10,8,17,30,104,879,23,0.039,1.9000000000000001,74.94,28,1010,N/A
2015,10,8,18,30,109,854,23,0.039,1.7000000000000002,74.9,28,1010,N/A
2015,10,8,19,30,106,812,23,0.039,1.7000000000000002,75.03,28,1010,N/A
2015,10,8,20,30,96,741,23,0.039,1.6,75.86,28,1010,N/A
2015,10,8,21,30,76,612,23,0.039,1.6,82.43,27,1010,N/A
2015,10,8,22,30,42,298,23,0.039,1.5,87.72,26,1010,N/A
2015,10,8,23,30,0,0,24,0.039,1.8,88.79,26,1010,N/A
2015,10,9,0,30,0,0,23,0.039,2.5,93.73,25,1010,N/A
2015,10,9,1,30,0,0,24,0.039,3.2,94.63,25,1010,N/A
2015,10,9,2,30,0,0,24,0.039,3.4000000000000004,95.66,25,1010,N/A
2015,10,9,3,30,0,0,24,0.039,3.3000000000000003,100,24,1010,N/A
2015,10,9,4,30,0,0,24,0.039,3.2,100,24,1010,N/A
2015,10,9,5,30,0,0,24,0.039,3,100,24,1010,N/A
2015,10,9,6,30,0,0,23,0.039,2.8000000000000003,99.52,24,1010,N/A
2015,10,9,7,30,0,0,23,0.039,2.6,100,23,1010,N/A
2015,10,9,8,30,0,0,23,0.039,2.4000000000000004,100,23,1010,N/A
2015,10,9,9,30,0,0,23,0.039,2.3000000000000003,100,23,1010,N/A
2015,10,9,10,30,0,0,23,0.039,2.3000000000000003,100,23,1010,N/A
2015,10,9,11,30,0,0,23,0.039,2.7,100,23,1010,N/A
2015,10,9,12,30,66,412,23,0.039,2.9000000000000004,96.84,24,1010,N/A
2015,10,9,13,30,144,428,23,0.039,2.8000000000000003,93.72,25,1010,N/A
2015,10,9,14,30,180,570,24,0.039,2.7,89.29,26,1010,N/A
2015,10,9,15,30,328,332,24,0.039,2.3000000000000003,83.98,27,1010,N/A
2015,10,9,16,30,339,363,24,0.039,1.8,79,28,1010,N/A
2015,10,9,17,30,346,369,24,0.039,1.4000000000000001,79,28,1010,N/A
2015,10,9,18,30,360,325,23,0.039,1.2000000000000002,78.69,29,1010,N/A
2015,10,9,19,30,251,480,23,0.039,0.9,78.35000000000001,28,1010,N/A
2015,10,9,20,30,235,211,24,0.039,0.8,79.59,28,1010,N/A
2015,10,9,21,30,94,513,24,0.039,0.8,84.08,27,1010,N/A
2015,10,9,22,30,48,192,23,0.039,0.8,88.72,26,1010,N/A
2015,10,9,23,30,0,0,24,0.039,0.7000000000000001,91.18,26,1010,N/A
2015,10,10,0,30,0,0,24,0.039,0.8,89.92,26,1010,N/A
2015,10,10,1,30,0,0,24,0.039,0.9,94.27,25,1010,N/A
2015,10,10,2,30,0,0,23,0.039,1.1,93.41,25,1010,N/A
2015,10,10,3,30,0,0,23,0.039,1.2000000000000002,98.44,25,1010,N/A
2015,10,10,4,30,0,0,23,0.039,1.3,97.87,24,1010,N/A
2015,10,10,5,30,0,0,23,0.039,1.2000000000000002,97.19,24,1010,N/A
2015,10,10,6,30,0,0,23,0.039,1,96.37,24,1010,N/A
2015,10,10,7,30,0,0,23,0.039,0.8,95.46000000000001,24,1010,N/A
2015,10,10,8,30,0,0,23,0.039,0.7000000000000001,94.76,24,1010,N/A
2015,10,10,9,30,0,0,23,0.039,0.8,94.83,24,1010,N/A
2015,10,10,10,30,0,0,23,0.039,1,94.72,24,1010,N/A
2015,10,10,11,30,0,0,23,0.039,1.3,94.44,24,1010,N/A
2015,10,10,12,30,58,463,23,0.039,1.8,93.33,25,1010,N/A
2015,10,10,13,30,174,234,24,0.039,2.5,90.14,26,1010,N/A
2015,10,10,14,30,271,100,24,0.039,3,89.38,27,1010,N/A
2015,10,10,15,30,344,251,24,0.039,3.4000000000000004,84.19,27,1010,N/A
2015,10,10,16,30,377,112,24,0.039,3.5,84.62,27,1010,N/A
2015,10,10,17,30,108,869,24,0.039,3.6,84.81,27,1010,N/A
2015,10,10,18,30,383,191,24,0.039,3.6,84.78,27,1010,N/A
2015,10,10,19,30,95,834,24,0.039,3.5,84.45,27,1010,N/A
2015,10,10,20,30,84,773,24,0.039,3.2,83.74,27,1010,N/A
2015,10,10,21,30,72,628,23,0.039,2.7,88.07000000000001,26,1010,N/A
2015,10,10,22,30,43,44,23,0.039,2.1,93.8,25,1010,N/A
2015,10,10,23,30,0,0,23,0.039,1.9000000000000001,97.34,25,1010,N/A
2015,10,11,0,30,0,0,23,0.039,2,95,24,1010,N/A
2015,10,11,1,30,0,0,22,0.039,2.1,93.54,24,1010,N/A
2015,10,11,2,30,0,0,22,0.039,2.2,92.34,24,1010,N/A
2015,10,11,3,30,0,0,22,0.039,2.3000000000000003,91.10000000000001,24,1010,N/A
2015,10,11,4,30,0,0,22,0.039,2.3000000000000003,89.89,24,1010,N/A
2015,10,11,5,30,0,0,22,0.039,2.2,88.76,24,1010,N/A
2015,10,11,6,30,0,0,21,0.039,2.1,93.17,24,1010,N/A
2015,10,11,7,30,0,0,21,0.039,2.1,92.32000000000001,23,1010,N/A
2015,10,11,8,30,0,0,21,0.039,2.1,91.57000000000001,23,1010,N/A
2015,10,11,9,30,0,0,21,0.039,2,91.11,23,1010,N/A
2015,10,11,10,30,0,0,21,0.039,2,91,23,1010,N/A
2015,10,11,11,30,0,0,21,0.039,2,90.95,23,1010,N/A
2015,10,11,12,30,76,345,22,0.039,2.2,91.2,24,1010,N/A
2015,10,11,13,30,125,0,22,0.039,2.5,87.60000000000001,25,1010,N/A
2015,10,11,14,30,198,515,22,0.039,2.9000000000000004,81.82000000000001,26,1010,N/A
2015,10,11,15,30,315,366,22,0.039,3.3000000000000003,81.63,26,1010,N/A
2015,10,11,16,30,146,818,22,0.039,3.7,81.59,27,1010,N/A
2015,10,11,17,30,140,839,22,0.039,4,81.02,26,1010,N/A
2015,10,11,18,30,131,838,22,0.039,4.1000000000000005,79.9,26,1010,N/A
2015,10,11,19,30,112,828,22,0.039,4.1000000000000005,78.76,26,1010,N/A
2015,10,11,20,30,92,781,21,0.039,3.8000000000000003,82.16,25,1010,N/A
2015,10,11,21,30,70,666,21,0.039,3.2,86.06,24,1010,N/A
2015,10,11,22,30,36,372,21,0.039,2.5,91.44,23,1010,N/A
2015,10,11,23,30,0,0,20,0.039,2.1,93.78,22,1010,N/A
2015,10,12,0,30,0,0,20,0.039,1.8,90.42,22,1010,N/A
2015,10,12,1,30,0,0,19,0.039,1.6,93.03,21,1010,N/A
2015,10,12,2,30,0,0,19,0.039,1.5,90.21000000000001,21,1010,N/A
2015,10,12,3,30,0,0,18,0.039,1.5,88.2,21,1010,N/A
2015,10,12,4,30,0,0,18,0.039,1.5,86.78,21,1010,N/A
2015,10,12,5,30,0,0,18,0.039,1.5,86.10000000000001,21,1010,N/A
2015,10,12,6,30,0,0,18,0.039,1.5,86.10000000000001,21,1010,N/A
2015,10,12,7,30,0,0,18,0.039,1.6,86.54,21,1010,N/A
2015,10,12,8,30,0,0,18,0.039,1.6,87.28,21,1010,N/A
2015,10,12,9,30,0,0,18,0.039,1.5,87.86,21,1010,N/A
2015,10,12,10,30,0,0,18,0.039,1.5,88.10000000000001,21,1010,N/A
2015,10,12,11,30,0,0,18,0.039,1.7000000000000002,88.13,21,1010,N/A
2015,10,12,12,30,51,540,19,0.039,2,91.42,22,1010,N/A
2015,10,12,13,30,71,756,19,0.039,1.9000000000000001,86.46000000000001,23,1010,N/A
2015,10,12,14,30,81,855,19,0.039,1.7000000000000002,81.44,24,1010,N/A
2015,10,12,15,30,87,905,19,0.039,1.6,77.26,24,1010,N/A
2015,10,12,16,30,253,12,19,0.039,1.6,73.4,25,1010,N/A
2015,10,12,17,30,395,269,20,0.039,1.8,74.04,26,1010,N/A
2015,10,12,18,30,93,916,20,0.039,2,70.05,26,1010,N/A
2015,10,12,19,30,85,890,20,0.039,2.2,69.94,26,1010,N/A
2015,10,12,20,30,75,832,20,0.039,2.1,74.18,25,1010,N/A
2015,10,12,21,30,59,712,20,0.039,1.9000000000000001,75,25,1010,N/A
2015,10,12,22,30,31,414,20,0.039,1.6,81.47,24,1010,N/A
2015,10,12,23,30,0,0,20,0.039,1.4000000000000001,84.47,23,1010,N/A
2015,10,13,0,30,0,0,19,0.039,1.3,81.89,23,1010,N/A
2015,10,13,1,30,0,0,19,0.039,1.3,85.12,23,1010,N/A
2015,10,13,2,30,0,0,19,0.039,1.2000000000000002,83.55,22,1010,N/A
2015,10,13,3,30,0,0,18,0.039,1.2000000000000002,82.63,22,1010,N/A
2015,10,13,4,30,0,0,18,0.039,1.2000000000000002,82.42,22,1010,N/A
2015,10,13,5,30,0,0,18,0.039,1.4000000000000001,82.85000000000001,22,1010,N/A
2015,10,13,6,30,0,0,19,0.039,1.6,83.49,22,1010,N/A
2015,10,13,7,30,0,0,19,0.039,1.8,84.26,22,1010,N/A
2015,10,13,8,30,0,0,19,0.039,1.9000000000000001,85.23,22,1010,N/A
2015,10,13,9,30,0,0,19,0.039,2,86.25,22,1010,N/A
2015,10,13,10,30,0,0,19,0.039,1.9000000000000001,87.07000000000001,22,1010,N/A
2015,10,13,11,30,0,0,19,0.039,1.8,87.94,23,1010,N/A
2015,10,13,12,30,47,563,20,0.039,1.9000000000000001,83.18,24,1010,N/A
2015,10,13,13,30,67,759,21,0.039,2.3000000000000003,81.43,25,1010,N/A
2015,10,13,14,30,79,847,21,0.039,2.6,77.43,26,1010,N/A
2015,10,13,15,30,201,6,22,0.039,2.8000000000000003,79.18,26,1010,N/A
2015,10,13,16,30,394,157,22,0.039,3,75.99,27,1010,N/A
2015,10,13,17,30,405,176,22,0.039,3.2,76.84,27,1010,N/A
2015,10,13,18,30,367,258,22,0.039,3.3000000000000003,76.9,27,1010,N/A
2015,10,13,19,30,252,23,22,0.039,3.1,76.43,27,1010,N/A
2015,10,13,20,30,79,792,22,0.039,2.7,80.60000000000001,26,1010,N/A
2015,10,13,21,30,63,666,22,0.039,2.1,80.24,26,1010,N/A
2015,10,13,22,30,32,360,22,0.039,1.5,84.92,25,1010,N/A
2015,10,13,23,30,0,0,21,0.039,1.3,86.52,24,1010,N/A
2015,10,14,0,30,0,0,20,0.039,1.3,83.26,24,1010,N/A
2015,10,14,1,30,0,0,20,0.039,1.3,81.23,24,1010,N/A
2015,10,14,2,30,0,0,20,0.039,1.4000000000000001,84.68,23,1010,N/A
2015,10,14,3,30,0,0,20,0.039,1.5,83.66,23,1010,N/A
2015,10,14,4,30,0,0,19,0.039,1.6,83.14,23,1010,N/A
2015,10,14,5,30,0,0,19,0.039,1.7000000000000002,82.8,23,1010,N/A
2015,10,14,6,30,0,0,19,0.039,1.8,82.66,23,1010,N/A
2015,10,14,7,30,0,0,19,0.039,1.9000000000000001,82.74,23,1010,N/A
2015,10,14,8,30,0,0,19,0.039,1.9000000000000001,82.76,23,1010,N/A
2015,10,14,9,30,0,0,19,0.039,1.8,82.83,23,1010,N/A
2015,10,14,10,30,0,0,19,0.039,1.7000000000000002,82.88,23,1010,N/A
2015,10,14,11,30,0,0,19,0.039,1.4000000000000001,82.9,23,1010,N/A
2015,10,14,12,30,53,509,20,0.039,1.4000000000000001,78.35000000000001,25,1010,N/A
2015,10,14,13,30,79,711,21,0.039,1.8,76.72,26,1010,N/A
2015,10,14,14,30,96,803,21,0.039,2.1,75.82000000000001,26,1010,N/A
2015,10,14,15,30,303,390,21,0.039,2.3000000000000003,72.88,27,1010,N/A
2015,10,14,16,30,107,881,22,0.039,2.6,74.4,27,1010,N/A
2015,10,14,17,30,340,421,22,0.039,2.9000000000000004,71.18,28,1010,N/A
2015,10,14,18,30,110,864,22,0.039,3,71.8,28,1010,N/A
2015,10,14,19,30,104,824,22,0.039,3,76.53,27,1010,N/A
2015,10,14,20,30,93,751,22,0.039,2.8000000000000003,76.93,27,1010,N/A
2015,10,14,21,30,73,614,22,0.039,2.4000000000000004,82.51,26,1010,N/A
2015,10,14,22,30,35,295,23,0.039,2,88.96000000000001,25,1010,N/A
2015,10,14,23,30,0,0,22,0.039,1.8,92.48,24,1010,N/A
2015,10,15,0,30,0,0,22,0.039,1.8,91.37,24,1010,N/A
2015,10,15,1,30,0,0,22,0.039,1.8,91.03,24,1010,N/A
2015,10,15,2,30,0,0,22,0.039,1.8,96.57000000000001,23,1010,N/A
2015,10,15,3,30,0,0,22,0.039,2,96.89,23,1010,N/A
2015,10,15,4,30,0,0,22,0.039,2.1,97.09,23,1010,N/A
2015,10,15,5,30,0,0,22,0.039,2.3000000000000003,100,22,1010,N/A
2015,10,15,6,30,0,0,22,0.039,2.5,100,22,1010,N/A
2015,10,15,7,30,0,0,21,0.039,2.7,100,21,1010,N/A
2015,10,15,8,30,0,0,20,0.039,2.9000000000000004,98.49000000000001,21,1010,N/A
2015,10,15,9,30,0,0,19,0.039,3,97.42,20,1010,N/A
2015,10,15,10,30,0,0,18,0.039,3,95.51,19,1010,N/A
2015,10,15,11,30,0,0,17,0.039,3.4000000000000004,89.68,19,1010,N/A
2015,10,15,12,30,49,572,16,0.039,3.8000000000000003,82.87,20,1010,N/A
2015,10,15,13,30,72,775,17,0.039,3.7,79.27,22,1010,N/A
2015,10,15,14,30,85,867,18,0.039,3.5,75.05,24,1010,N/A
2015,10,15,15,30,93,912,19,0.039,3.4000000000000004,70.07000000000001,25,1010,N/A
2015,10,15,16,30,100,927,18,0.039,3.2,64.97,26,1010,N/A
2015,10,15,17,30,105,921,18,0.039,2.8000000000000003,60.89,27,1010,N/A
2015,10,15,18,30,105,899,18,0.039,2.7,60.5,27,1010,N/A
2015,10,15,19,30,102,851,18,0.039,2.7,60.620000000000005,27,1010,N/A
2015,10,15,20,30,95,764,18,0.039,2.7,61.21,27,1010,N/A
2015,10,15,21,30,77,604,18,0.039,2.6,65.03,26,1010,N/A
2015,10,15,22,30,35,262,19,0.039,2.6,73.2,25,1010,N/A
2015,10,15,23,30,0,0,19,0.039,2.9000000000000004,79.7,23,1010,N/A
2015,10,16,0,30,0,0,19,0.04,3.5,78.93,23,1010,N/A
2015,10,16,1,30,0,0,19,0.04,3.9000000000000004,84.23,22,1010,N/A
2015,10,16,2,30,0,0,19,0.04,4.1000000000000005,85.32000000000001,22,1010,N/A
2015,10,16,3,30,0,0,19,0.04,4,92.08,21,1010,N/A
2015,10,16,4,30,0,0,19,0.04,3.7,92.87,21,1010,N/A
2015,10,16,5,30,0,0,19,0.04,3.4000000000000004,92.68,21,1010,N/A
2015,10,16,6,30,0,0,19,0.04,3.2,97.91,21,1010,N/A
2015,10,16,7,30,0,0,19,0.04,3,97.11,20,1010,N/A
2015,10,16,8,30,0,0,19,0.04,3,96.49000000000001,20,1010,N/A
2015,10,16,9,30,0,0,19,0.04,3,95.84,20,1010,N/A
2015,10,16,10,30,0,0,19,0.04,3.1,95.23,20,1010,N/A
2015,10,16,11,30,0,0,19,0.04,3.4000000000000004,94.63,20,1010,N/A
2015,10,16,12,30,72,216,19,0.04,3.8000000000000003,95.08,20,1010,N/A
2015,10,16,13,30,142,397,19,0.04,3.8000000000000003,90.89,21,1020,N/A
2015,10,16,14,30,218,433,19,0.04,3.7,88.24,23,1020,N/A
2015,10,16,15,30,278,447,20,0.04,3.7,79.03,24,1020,N/A
2015,10,16,16,30,371,288,19,0.04,3.5,73.56,25,1020,N/A
2015,10,16,17,30,396,198,19,0.04,3.1,73.02,25,1010,N/A
2015,10,16,18,30,346,68,19,0.04,2.8000000000000003,72.69,25,1010,N/A
2015,10,16,19,30,288,61,19,0.04,2.6,72.96000000000001,25,1010,N/A
2015,10,16,20,30,198,33,19,0.04,2.5,72.76,25,1010,N/A
2015,10,16,21,30,125,83,19,0.04,2.2,77.87,24,1010,N/A
2015,10,16,22,30,26,0,20,0.04,2,85.19,23,1010,N/A
2015,10,16,23,30,0,0,19,0.04,2.1,86.34,23,1010,N/A
2015,10,17,0,30,0,0,19,0.04,2.2,85.12,22,1010,N/A
2015,10,17,1,30,0,0,19,0.04,2.3000000000000003,83.83,22,1010,N/A
2015,10,17,2,30,0,0,18,0.04,2.3000000000000003,87.53,21,1010,N/A
2015,10,17,3,30,0,0,18,0.04,2.2,86.02,21,1010,N/A
2015,10,17,4,30,0,0,18,0.04,2.1,84.7,21,1010,N/A
2015,10,17,5,30,0,0,18,0.04,1.9000000000000001,83.52,21,1010,N/A
2015,10,17,6,30,0,0,17,0.04,1.9000000000000001,87.81,20,1010,N/A
2015,10,17,7,30,0,0,17,0.04,2,87.49,20,1010,N/A
2015,10,17,8,30,0,0,17,0.04,2.3000000000000003,87.94,20,1010,N/A
2015,10,17,9,30,0,0,17,0.04,2.6,87.88,20,1010,N/A
2015,10,17,10,30,0,0,17,0.04,2.7,93.02,19,1010,N/A
2015,10,17,11,30,0,0,17,0.04,2.8000000000000003,92.23,19,1010,N/A
2015,10,17,12,30,53,519,18,0.04,3,88.7,20,1010,N/A
2015,10,17,13,30,78,739,18,0.04,3,80.57000000000001,22,1010,N/A
2015,10,17,14,30,91,841,19,0.04,2.8000000000000003,79.22,24,1010,N/A
2015,10,17,15,30,98,895,18,0.04,2.7,73.22,25,1010,N/A
2015,10,17,16,30,102,916,18,0.04,2.5,68.02,26,1010,N/A
2015,10,17,17,30,105,915,18,0.04,2.4000000000000004,63.58,26,1010,N/A
2015,10,17,18,30,108,886,18,0.04,2.2,59.9,27,1010,N/A
2015,10,17,19,30,104,841,18,0.04,1.9000000000000001,60.11,27,1010,N/A
2015,10,17,20,30,94,760,18,0.04,1.7000000000000002,60.910000000000004,27,1010,N/A
2015,10,17,21,30,74,611,19,0.04,1.6,65.44,26,1010,N/A
2015,10,17,22,30,33,260,19,0.04,1.7000000000000002,73.17,25,1010,N/A
2015,10,17,23,30,0,0,18,0.04,2,73.32000000000001,24,1010,N/A
2015,10,18,0,30,0,0,18,0.04,2.3000000000000003,77.94,23,1010,N/A
2015,10,18,1,30,0,0,19,0.04,2.5,83.65,22,1010,N/A
2015,10,18,2,30,0,0,19,0.04,2.7,84.24,22,1010,N/A
2015,10,18,3,30,0,0,19,0.04,3,90.15,21,1010,N/A
2015,10,18,4,30,0,0,19,0.04,3.6,91.18,21,1010,N/A
2015,10,18,5,30,0,0,19,0.04,3.8000000000000003,92.14,21,1010,N/A
2015,10,18,6,30,0,0,19,0.04,4,98.86,20,1010,N/A
2015,10,18,7,30,0,0,19,0.04,4.1000000000000005,98.91,20,1010,N/A
2015,10,18,8,30,0,0,19,0.04,4.3,97.34,20,1010,N/A
2015,10,18,9,30,0,0,19,0.04,4.3,100,20,1010,N/A
2015,10,18,10,30,0,0,18,0.04,4.3,96.68,19,1010,N/A
2015,10,18,11,30,0,0,17,0.04,4.4,92.99,19,1010,N/A
2015,10,18,12,30,63,0,17,0.04,4.4,86.01,20,1020,N/A
2015,10,18,13,30,145,366,17,0.04,4.4,86.91,20,1020,N/A
2015,10,18,14,30,241,326,18,0.04,4.4,84.12,21,1020,N/A
2015,10,18,15,30,265,471,18,0.04,4.4,81.24,22,1020,N/A
2015,10,18,16,30,344,372,19,0.04,4.4,79.25,23,1020,N/A
2015,10,18,17,30,377,287,19,0.04,4.4,76.57000000000001,24,1020,N/A
2015,10,18,18,30,329,367,19,0.04,4.4,77.4,25,1010,N/A
2015,10,18,19,30,291,275,19,0.04,4.4,73.18,25,1010,N/A
2015,10,18,20,30,197,331,19,0.04,4.3,73.41,25,1010,N/A
2015,10,18,21,30,80,522,20,0.04,4.5,79.18,24,1010,N/A
2015,10,18,22,30,38,127,20,0.04,5.1000000000000005,84.41,23,1020,N/A
2015,10,18,23,30,0,0,20,0.04,5.7,88.51,22,1020,N/A
2015,10,19,0,30,0,0,19,0.04,5.800000000000001,91.93,21,1020,N/A
2015,10,19,1,30,0,0,19,0.04,5.800000000000001,94.32000000000001,20,1020,N/A
2015,10,19,2,30,0,0,18,0.04,5.800000000000001,91.56,20,1020,N/A
2015,10,19,3,30,0,0,18,0.04,5.800000000000001,95.17,19,1020,N/A
2015,10,19,4,30,0,0,17,0.04,5.800000000000001,93.53,19,1020,N/A
2015,10,19,5,30,0,0,17,0.04,5.6000000000000005,91.74,19,1020,N/A
2015,10,19,6,30,0,0,17,0.04,5.5,95.92,19,1020,N/A
2015,10,19,7,30,0,0,17,0.04,5.5,94.06,18,1020,N/A
2015,10,19,8,30,0,0,16,0.04,5.4,92.58,18,1020,N/A
2015,10,19,9,30,0,0,16,0.04,5.300000000000001,91.25,18,1020,N/A
2015,10,19,10,30,0,0,16,0.04,5.1000000000000005,90.08,18,1020,N/A
2015,10,19,11,30,0,0,16,0.04,5.1000000000000005,89.24,18,1020,N/A
2015,10,19,12,30,62,428,16,0.04,5.300000000000001,90.01,18,1020,N/A
2015,10,19,13,30,92,673,16,0.04,5.5,82.59,20,1020,N/A
2015,10,19,14,30,108,787,17,0.04,6,75.93,22,1020,N/A
2015,10,19,15,30,114,852,17,0.04,6.2,71.97,23,1020,N/A
2015,10,19,16,30,119,878,17,0.04,6.1000000000000005,68.43,24,1020,N/A
2015,10,19,17,30,120,880,18,0.04,6,69.2,24,1020,N/A
2015,10,19,18,30,122,852,18,0.04,6,65.75,25,1020,N/A
2015,10,19,19,30,118,802,18,0.04,6,66.09,25,1020,N/A
2015,10,19,20,30,107,711,18,0.04,6,70.13,24,1020,N/A
2015,10,19,21,30,86,535,18,0.04,5.6000000000000005,74.75,23,1020,N/A
2015,10,19,22,30,35,165,18,0.04,5,79.96000000000001,22,1020,N/A
2015,10,19,23,30,0,0,18,0.04,4.6000000000000005,84.68,21,1020,N/A
2015,10,20,0,30,0,0,18,0.04,4.5,89.42,20,1020,N/A
2015,10,20,1,30,0,0,18,0.04,4.4,88.83,20,1020,N/A
2015,10,20,2,30,0,0,18,0.04,4.3,93.97,20,1020,N/A
2015,10,20,3,30,0,0,17,0.04,4.3,93.55,19,1020,N/A
2015,10,20,4,30,0,0,17,0.04,4.3,93.10000000000001,19,1020,N/A
2015,10,20,5,30,0,0,17,0.04,4.4,92.62,19,1020,N/A
2015,10,20,6,30,0,0,17,0.04,4.5,92.09,19,1020,N/A
2015,10,20,7,30,0,0,17,0.04,4.5,97.55,19,1020,N/A
2015,10,20,8,30,0,0,17,0.04,4.5,97.29,18,1020,N/A
2015,10,20,9,30,0,0,17,0.04,4.5,97.27,18,1020,N/A
2015,10,20,10,30,0,0,17,0.04,4.4,97.41,18,1020,N/A
2015,10,20,11,30,0,0,17,0.04,4.5,97.71000000000001,18,1020,N/A
2015,10,20,12,30,59,435,17,0.04,4.7,93.53,19,1020,N/A
2015,10,20,13,30,87,678,18,0.04,5,86.19,21,1020,N/A
2015,10,20,14,30,102,791,19,0.04,5.4,80.14,23,1020,N/A
2015,10,20,15,30,109,850,19,0.04,5.7,76.82000000000001,24,1020,N/A
2015,10,20,16,30,115,874,19,0.04,5.6000000000000005,72.71000000000001,25,1020,N/A
2015,10,20,17,30,376,269,19,0.04,5.300000000000001,68.72,26,1020,N/A
2015,10,20,18,30,116,856,19,0.04,5.1000000000000005,68.83,26,1020,N/A
2015,10,20,19,30,112,807,19,0.04,4.9,68.97,26,1010,N/A
2015,10,20,20,30,99,725,19,0.04,4.6000000000000005,73.48,25,1010,N/A
2015,10,20,21,30,76,569,20,0.04,4.2,78.98,24,1010,N/A
2015,10,20,22,30,32,197,20,0.04,3.9000000000000004,84.52,23,1020,N/A
2015,10,20,23,30,0,0,19,0.04,3.9000000000000004,88.27,22,1020,N/A
2015,10,21,0,30,0,0,19,0.04,3.9000000000000004,87.63,22,1020,N/A
2015,10,21,1,30,0,0,19,0.04,3.9000000000000004,92.81,21,1020,N/A
2015,10,21,2,30,0,0,19,0.04,3.9000000000000004,92.71000000000001,21,1020,N/A
2015,10,21,3,30,0,0,19,0.04,4,98.82000000000001,20,1020,N/A
2015,10,21,4,30,0,0,19,0.04,3.9000000000000004,99.27,20,1020,N/A
2015,10,21,5,30,0,0,19,0.04,3.8000000000000003,99.59,20,1020,N/A
2015,10,21,6,30,0,0,19,0.04,3.7,99.39,20,1020,N/A
2015,10,21,7,30,0,0,19,0.04,3.7,99.05,20,1020,N/A
2015,10,21,8,30,0,0,19,0.04,3.7,98.72,20,1020,N/A
2015,10,21,9,30,0,0,19,0.04,3.7,98.67,20,1020,N/A
2015,10,21,10,30,0,0,19,0.04,3.6,100,20,1020,N/A
2015,10,21,11,30,0,0,19,0.04,3.8000000000000003,100,20,1020,N/A
2015,10,21,12,30,56,437,20,0.04,4,100,21,1020,N/A
2015,10,21,13,30,86,669,20,0.04,4.2,93.25,22,1020,N/A
2015,10,21,14,30,102,778,21,0.04,4.5,86.68,24,1020,N/A
2015,10,21,15,30,95,867,21,0.04,4.4,82.89,25,1020,N/A
2015,10,21,16,30,372,224,21,0.04,4.1000000000000005,77.94,26,1020,N/A
2015,10,21,17,30,278,18,21,0.04,3.9000000000000004,77.78,26,1020,N/A
2015,10,21,18,30,356,207,21,0.04,3.7,77.95,27,1020,N/A
2015,10,21,19,30,297,151,22,0.04,3.6,78.64,26,1010,N/A
2015,10,21,20,30,203,262,22,0.04,3.7,79.71000000000001,26,1010,N/A
2015,10,21,21,30,116,168,22,0.04,3.6,85.98,25,1010,N/A
2015,10,21,22,30,30,194,22,0.04,3.5,91.76,24,1010,N/A
2015,10,21,23,30,0,0,22,0.04,3.5,95.58,23,1020,N/A
2015,10,22,0,30,0,0,22,0.04,3.6,94.56,23,1020,N/A
2015,10,22,1,30,0,0,21,0.04,3.7,99.46000000000001,22,1020,N/A
2015,10,22,2,30,0,0,21,0.04,3.7,98.78,22,1020,N/A
2015,10,22,3,30,0,0,21,0.04,3.6,100,21,1020,N/A
2015,10,22,4,30,0,0,21,0.04,3.6,100,21,1020,N/A
2015,10,22,5,30,0,0,21,0.04,3.7,100,21,1020,N/A
2015,10,22,6,30,0,0,21,0.04,3.8000000000000003,100,21,1020,N/A
2015,10,22,7,30,0,0,20,0.04,3.8000000000000003,99.95,21,1020,N/A
2015,10,22,8,30,0,0,20,0.04,3.7,99.2,21,1020,N/A
2015,10,22,9,30,0,0,20,0.04,3.7,98.8,21,1020,N/A
2015,10,22,10,30,0,0,20,0.04,3.7,98.72,21,1020,N/A
2015,10,22,11,30,0,0,20,0.04,3.8000000000000003,98.75,21,1020,N/A
2015,10,22,12,30,63,0,21,0.04,4,100,21,1020,N/A
2015,10,22,13,30,154,269,21,0.04,4.2,97.61,23,1020,N/A
2015,10,22,14,30,159,593,22,0.04,4.5,89.4,24,1020,N/A
2015,10,22,15,30,304,334,22,0.04,4.5,84.85000000000001,25,1020,N/A
2015,10,22,16,30,89,906,22,0.04,4.2,79.52,26,1020,N/A
2015,10,22,17,30,89,910,22,0.04,3.8000000000000003,74.92,27,1010,N/A
2015,10,22,18,30,92,886,22,0.04,3.6,74.78,27,1010,N/A
2015,10,22,19,30,91,837,22,0.04,3.4000000000000004,74.68,27,1010,N/A
2015,10,22,20,30,210,114,22,0.04,3.2,79.22,26,1010,N/A
2015,10,22,21,30,66,597,22,0.04,2.9000000000000004,84.86,25,1010,N/A
2015,10,22,22,30,27,220,22,0.04,2.9000000000000004,90.32000000000001,24,1010,N/A
2015,10,22,23,30,0,0,21,0.04,3.3000000000000003,92.47,24,1010,N/A
2015,10,23,0,30,0,0,21,0.04,3.6,90.53,23,1010,N/A
2015,10,23,1,30,0,0,21,0.04,3.5,94.52,22,1010,N/A
2015,10,23,2,30,0,0,20,0.04,3.5,92.97,22,1020,N/A
2015,10,23,3,30,0,0,20,0.04,3.5,98.2,21,1010,N/A
2015,10,23,4,30,0,0,20,0.04,3.5,98.44,21,1010,N/A
2015,10,23,5,30,0,0,20,0.04,3.4000000000000004,98.9,21,1010,N/A
2015,10,23,6,30,0,0,20,0.04,3.3000000000000003,99.35000000000001,21,1010,N/A
2015,10,23,7,30,0,0,20,0.04,3.3000000000000003,99.56,21,1010,N/A
2015,10,23,8,30,0,0,20,0.04,3.3000000000000003,99.61,21,1010,N/A
2015,10,23,9,30,0,0,20,0.04,3.3000000000000003,99.55,21,1010,N/A
2015,10,23,10,30,0,0,20,0.04,3.3000000000000003,99.39,21,1010,N/A
2015,10,23,11,30,0,0,20,0.04,3.6,99.11,21,1010,N/A
2015,10,23,12,30,47,484,21,0.04,3.9000000000000004,100,21,1010,N/A
2015,10,23,13,30,138,374,21,0.04,4,91.61,23,1010,N/A
2015,10,23,14,30,180,526,21,0.04,4.3,88.56,24,1010,N/A
2015,10,23,15,30,93,877,21,0.04,4.4,83.3,25,1010,N/A
2015,10,23,16,30,99,900,21,0.04,4.3,78.07000000000001,26,1010,N/A
2015,10,23,17,30,100,906,21,0.04,4.1000000000000005,73.23,27,1010,N/A
2015,10,23,18,30,98,891,21,0.04,4,72.31,27,1010,N/A
2015,10,23,19,30,94,850,21,0.04,3.9000000000000004,71.16,27,1010,N/A
2015,10,23,20,30,85,770,21,0.04,3.6,74.49,26,1010,N/A
2015,10,23,21,30,67,611,21,0.04,3.1,79.49,25,1010,N/A
2015,10,23,22,30,27,219,21,0.04,3,85.24,24,1010,N/A
2015,10,23,23,30,0,0,20,0.04,3.3000000000000003,86.58,23,1010,N/A
2015,10,24,0,30,0,0,20,0.036000000000000004,3.5,90.29,22,1010,N/A
2015,10,24,1,30,0,0,20,0.036000000000000004,3.4000000000000004,89.05,22,1010,N/A
2015,10,24,2,30,0,0,19,0.036000000000000004,3.3000000000000003,93.32000000000001,21,1010,N/A
2015,10,24,3,30,0,0,19,0.036000000000000004,3.3000000000000003,92.76,21,1010,N/A
2015,10,24,4,30,0,0,19,0.036000000000000004,3.2,98.65,20,1010,N/A
2015,10,24,5,30,0,0,19,0.036000000000000004,3,98.44,20,1010,N/A
2015,10,24,6,30,0,0,19,0.036000000000000004,2.8000000000000003,97.94,20,1010,N/A
2015,10,24,7,30,0,0,19,0.036000000000000004,2.6,100,19,1010,N/A
2015,10,24,8,30,0,0,19,0.036000000000000004,2.5,100,19,1010,N/A
2015,10,24,9,30,0,0,19,0.036000000000000004,2.5,100,19,1010,N/A
2015,10,24,10,30,0,0,19,0.036000000000000004,2.5,100,19,1010,N/A
2015,10,24,11,30,0,0,19,0.036000000000000004,2.9000000000000004,100,19,1010,N/A
2015,10,24,12,30,50,493,19,0.036000000000000004,3.5,98.22,20,1010,N/A
2015,10,24,13,30,73,733,20,0.036000000000000004,3.8000000000000003,89.95,22,1010,N/A
2015,10,24,14,30,84,843,20,0.036000000000000004,4.2,81.54,24,1010,N/A
2015,10,24,15,30,90,895,20,0.036000000000000004,4.4,74.13,25,1010,N/A
2015,10,24,16,30,94,914,19,0.036000000000000004,4.3,69.12,26,1010,N/A
2015,10,24,17,30,96,913,20,0.036000000000000004,4,69.69,26,1010,N/A
2015,10,24,18,30,98,886,20,0.036000000000000004,3.7,66.62,27,1010,N/A
2015,10,24,19,30,95,837,20,0.036000000000000004,3.3000000000000003,67.56,27,1010,N/A
2015,10,24,20,30,88,744,20,0.036000000000000004,2.9000000000000004,72.45,26,1010,N/A
2015,10,24,21,30,69,579,21,0.036000000000000004,2.6,79.16,25,1010,N/A
2015,10,24,22,30,26,193,21,0.036000000000000004,2.7,85.35000000000001,24,1010,N/A
2015,10,24,23,30,0,0,20,0.036000000000000004,3.3000000000000003,86.99,23,1010,N/A
2015,10,25,0,30,0,0,20,0.036000000000000004,3.7,86.27,23,1010,N/A
2015,10,25,1,30,0,0,20,0.036000000000000004,3.9000000000000004,91.52,22,1010,N/A
2015,10,25,2,30,0,0,20,0.036000000000000004,3.9000000000000004,91.37,22,1010,N/A
2015,10,25,3,30,0,0,20,0.036000000000000004,3.8000000000000003,97.56,21,1010,N/A
2015,10,25,4,30,0,0,20,0.036000000000000004,3.6,98.44,21,1010,N/A
2015,10,25,5,30,0,0,20,0.036000000000000004,3.3000000000000003,99.58,21,1010,N/A
2015,10,25,6,30,0,0,20,0.036000000000000004,3,100,21,1010,N/A
2015,10,25,7,30,0,0,20,0.036000000000000004,2.6,100,20,1010,N/A
2015,10,25,8,30,0,0,20,0.036000000000000004,2.5,100,20,1010,N/A
2015,10,25,9,30,0,0,20,0.036000000000000004,2.6,100,20,1010,N/A
2015,10,25,10,30,0,0,20,0.036000000000000004,2.8000000000000003,100,20,1010,N/A
2015,10,25,11,30,0,0,20,0.036000000000000004,3.2,100,21,1010,N/A
2015,10,25,12,30,59,296,21,0.036000000000000004,3.6,100,22,1010,N/A
2015,10,25,13,30,148,289,21,0.036000000000000004,3.7,93.77,23,1010,N/A
2015,10,25,14,30,80,823,22,0.036000000000000004,3.7,89.8,24,1010,N/A
2015,10,25,15,30,99,849,22,0.036000000000000004,3.7,83.58,25,1010,N/A
2015,10,25,16,30,103,876,21,0.036000000000000004,3.6,78.04,26,1010,N/A
2015,10,25,17,30,358,303,21,0.036000000000000004,3.5,77.82000000000001,27,1010,N/A
2015,10,25,18,30,294,430,21,0.036000000000000004,3.2,73.39,27,1010,N/A
2015,10,25,19,30,274,287,21,0.036000000000000004,2.9000000000000004,73.38,27,1010,N/A
2015,10,25,20,30,192,51,21,0.036000000000000004,2.4000000000000004,73.32000000000001,27,1010,N/A
2015,10,25,21,30,12,0,22,0.036000000000000004,1.9000000000000001,79.01,26,1010,N/A
2015,10,25,22,30,2,0,22,0.036000000000000004,1.8,85.58,25,1010,N/A
2015,10,25,23,30,0,0,21,0.036000000000000004,2.4000000000000004,87.29,24,1010,N/A
2015,10,26,0,30,0,0,21,0.036000000000000004,3.5,85.69,24,1010,N/A
2015,10,26,1,30,0,0,21,0.036000000000000004,4.3,90.54,23,1010,N/A
2015,10,26,2,30,0,0,21,0.036000000000000004,4.6000000000000005,90.72,23,1010,N/A
2015,10,26,3,30,0,0,21,0.036000000000000004,4.5,96.27,22,1010,N/A
2015,10,26,4,30,0,0,21,0.036000000000000004,4.1000000000000005,96.22,22,1010,N/A
2015,10,26,5,30,0,0,21,0.036000000000000004,3.7,96.32000000000001,22,1010,N/A
2015,10,26,6,30,0,0,21,0.036000000000000004,3.5,96.28,22,1010,N/A
2015,10,26,7,30,0,0,21,0.036000000000000004,3.4000000000000004,100,22,1010,N/A
2015,10,26,8,30,0,0,21,0.036000000000000004,3.2,100,21,1010,N/A
2015,10,26,9,30,0,0,21,0.036000000000000004,3.2,100,21,1010,N/A
2015,10,26,10,30,0,0,21,0.036000000000000004,3.4000000000000004,100,21,1010,N/A
2015,10,26,11,30,0,0,21,0.036000000000000004,3.7,100,21,1010,N/A
2015,10,26,12,30,64,171,21,0.036000000000000004,4,95.94,22,1010,N/A
2015,10,26,13,30,70,714,21,0.036000000000000004,4.2,92.08,23,1010,N/A
2015,10,26,14,30,203,436,21,0.036000000000000004,4.5,88.48,24,1010,N/A
2015,10,26,15,30,301,318,21,0.036000000000000004,4.800000000000001,82.92,25,1010,N/A
2015,10,26,16,30,310,426,21,0.036000000000000004,4.6000000000000005,82.82000000000001,25,1010,N/A
2015,10,26,17,30,365,262,21,0.036000000000000004,4.3,78.39,26,1010,N/A
2015,10,26,18,30,295,35,22,0.036000000000000004,3.8000000000000003,78.65,26,1010,N/A
2015,10,26,19,30,151,0,22,0.036000000000000004,3.4000000000000004,78.81,26,1010,N/A
2015,10,26,20,30,118,0,22,0.036000000000000004,3.2,79.83,26,1010,N/A
2015,10,26,21,30,43,0,22,0.036000000000000004,3.5,85.91,25,1010,N/A
2015,10,26,22,30,6,0,22,0.036000000000000004,4,91.08,24,1010,N/A
2015,10,26,23,30,0,0,22,0.036000000000000004,4.5,89.10000000000001,24,1010,N/A
2015,10,27,0,30,0,0,22,0.036000000000000004,4.7,94.26,23,1010,N/A
2015,10,27,1,30,0,0,21,0.036000000000000004,4.9,93.60000000000001,23,1010,N/A
2015,10,27,2,30,0,0,21,0.036000000000000004,5.1000000000000005,92.59,23,1010,N/A
2015,10,27,3,30,0,0,21,0.036000000000000004,5.300000000000001,91.99,23,1010,N/A
2015,10,27,4,30,0,0,21,0.036000000000000004,5.1000000000000005,97.10000000000001,22,1010,N/A
2015,10,27,5,30,0,0,21,0.036000000000000004,4.9,96.8,22,1010,N/A
2015,10,27,6,30,0,0,21,0.036000000000000004,4.6000000000000005,96.75,22,1010,N/A
2015,10,27,7,30,0,0,21,0.036000000000000004,4.4,97.05,22,1010,N/A
2015,10,27,8,30,0,0,21,0.036000000000000004,4.3,97.57000000000001,22,1010,N/A
2015,10,27,9,30,0,0,21,0.036000000000000004,4.2,98.31,22,1010,N/A
2015,10,27,10,30,0,0,21,0.036000000000000004,4.2,99.06,22,1010,N/A
2015,10,27,11,30,0,0,21,0.036000000000000004,4.3,99.81,22,1010,N/A
2015,10,27,12,30,30,0,22,0.036000000000000004,4.5,100,22,1010,N/A
2015,10,27,13,30,70,0,22,0.036000000000000004,4.9,97.97,23,1010,N/A
2015,10,27,14,30,88,0,23,0.036000000000000004,5.4,95.31,24,1010,N/A
2015,10,27,15,30,119,0,23,0.036000000000000004,5.7,91.86,25,1010,N/A
2015,10,27,16,30,158,0,23,0.036000000000000004,5.9,93.2,25,1010,N/A
2015,10,27,17,30,133,0,23,0.036000000000000004,5.9,88.39,26,1010,N/A
2015,10,27,18,30,184,3,23,0.036000000000000004,5.7,88.48,26,1010,N/A
2015,10,27,19,30,118,0,23,0.036000000000000004,5.300000000000001,88.3,26,1010,N/A
2015,10,27,20,30,40,0,24,0.036000000000000004,4.7,88.88,26,1010,N/A
2015,10,27,21,30,7,0,24,0.036000000000000004,4.1000000000000005,95.68,25,1010,N/A
2015,10,27,22,30,24,65,24,0.036000000000000004,3.9000000000000004,100,24,1010,N/A
2015,10,27,23,30,0,0,24,0.036000000000000004,4,100,24,1010,N/A
2015,10,28,0,30,0,0,23,0.036000000000000004,4.1000000000000005,99.69,24,1010,N/A
2015,10,28,1,30,0,0,23,0.036000000000000004,4.1000000000000005,99.25,24,1010,N/A
2015,10,28,2,30,0,0,23,0.036000000000000004,4.2,98.88,24,1010,N/A
2015,10,28,3,30,0,0,23,0.036000000000000004,4.3,98.61,24,1010,N/A
2015,10,28,4,30,0,0,23,0.036000000000000004,4.2,98.64,24,1010,N/A
2015,10,28,5,30,0,0,23,0.036000000000000004,4.1000000000000005,98.72,24,1010,N/A
2015,10,28,6,30,0,0,23,0.036000000000000004,4,98.72,24,1010,N/A
2015,10,28,7,30,0,0,23,0.036000000000000004,3.8000000000000003,98.73,24,1010,N/A
2015,10,28,8,30,0,0,23,0.036000000000000004,3.5,98.71000000000001,24,1010,N/A
2015,10,28,9,30,0,0,23,0.036000000000000004,3.1,98.72,24,1010,N/A
2015,10,28,10,30,0,0,23,0.036000000000000004,2.7,98.88,24,1010,N/A
2015,10,28,11,30,0,0,23,0.036000000000000004,2.4000000000000004,99.09,24,1010,N/A
2015,10,28,12,30,60,221,24,0.036000000000000004,2.1,100,24,1010,N/A
2015,10,28,13,30,41,0,24,0.036000000000000004,2,96.68,25,1010,N/A
2015,10,28,14,30,238,247,24,0.036000000000000004,2.2,98.34,25,1010,N/A
2015,10,28,15,30,303,231,24,0.036000000000000004,2.4000000000000004,93.74,26,1010,N/A
2015,10,28,16,30,349,278,24,0.036000000000000004,2.7,92.65,26,1010,N/A
2015,10,28,17,30,360,269,24,0.036000000000000004,2.8000000000000003,85.74,27,1010,N/A
2015,10,28,18,30,102,843,24,0.036000000000000004,2.9000000000000004,84.29,27,1010,N/A
2015,10,28,19,30,91,817,23,0.036000000000000004,2.9000000000000004,88.31,26,1010,N/A
2015,10,28,20,30,199,135,23,0.036000000000000004,2.7,87.19,26,1010,N/A
2015,10,28,21,30,57,606,23,0.036000000000000004,2.1,91.75,25,1010,N/A
2015,10,28,22,30,20,203,23,0.036000000000000004,1.6,97.88,24,1010,N/A
2015,10,28,23,30,0,0,22,0.036000000000000004,1.4000000000000001,93.93,24,1010,N/A
2015,10,29,0,30,0,0,22,0.036000000000000004,1.4000000000000001,92.17,24,1010,N/A
2015,10,29,1,30,0,0,22,0.036000000000000004,1.3,96.62,24,1010,N/A
2015,10,29,2,30,0,0,22,0.036000000000000004,1.3,95.51,23,1010,N/A
2015,10,29,3,30,0,0,22,0.036000000000000004,1.3,94.48,23,1010,N/A
2015,10,29,4,30,0,0,21,0.036000000000000004,1.3,93.57000000000001,23,1010,N/A
2015,10,29,5,30,0,0,21,0.036000000000000004,1.3,92.92,23,1010,N/A
2015,10,29,6,30,0,0,21,0.036000000000000004,1.3,92.51,23,1010,N/A
2015,10,29,7,30,0,0,21,0.036000000000000004,1.3,97.82000000000001,23,1010,N/A
2015,10,29,8,30,0,0,21,0.036000000000000004,1.2000000000000002,97.22,23,1010,N/A
2015,10,29,9,30,0,0,21,0.036000000000000004,1.1,96.82000000000001,23,1010,N/A
2015,10,29,10,30,0,0,21,0.036000000000000004,1,90.98,23,1010,N/A
2015,10,29,11,30,0,0,21,0.036000000000000004,0.8,90.84,23,1010,N/A
2015,10,29,12,30,44,487,21,0.036000000000000004,0.9,93.61,23,1010,N/A
2015,10,29,13,30,67,724,22,0.036000000000000004,1.3,91.82000000000001,25,1010,N/A
2015,10,29,14,30,80,828,22,0.036000000000000004,1.5,85.54,26,1010,N/A
2015,10,29,15,30,87,881,22,0.036000000000000004,1.6,80.18,26,1010,N/A
2015,10,29,16,30,360,178,22,0.036000000000000004,1.7000000000000002,75.21000000000001,27,1010,N/A
2015,10,29,17,30,330,50,22,0.036000000000000004,1.9000000000000001,74.57000000000001,27,1010,N/A
2015,10,29,18,30,96,884,21,0.036000000000000004,2.1,73.61,27,1010,N/A
2015,10,29,19,30,279,196,21,0.036000000000000004,2.3000000000000003,77.08,26,1010,N/A
2015,10,29,20,30,191,72,21,0.036000000000000004,2.3000000000000003,76.62,26,1010,N/A
2015,10,29,21,30,58,621,21,0.036000000000000004,1.9000000000000001,81.33,25,1010,N/A
2015,10,29,22,30,20,216,21,0.036000000000000004,1.6,87.26,24,1010,N/A
2015,10,29,23,30,0,0,20,0.036000000000000004,1.5,88.51,23,1010,N/A
2015,10,30,0,30,0,0,20,0.036000000000000004,1.6,92.46000000000001,23,1010,N/A
2015,10,30,1,30,0,0,20,0.036000000000000004,1.6,91.31,22,1010,N/A
2015,10,30,2,30,0,0,20,0.036000000000000004,1.5,90.43,22,1010,N/A
2015,10,30,3,30,0,0,20,0.036000000000000004,1.4000000000000001,89.41,22,1010,N/A
2015,10,30,4,30,0,0,19,0.036000000000000004,1.3,87.93,22,1010,N/A
2015,10,30,5,30,0,0,19,0.036000000000000004,1.2000000000000002,86.51,22,1010,N/A
2015,10,30,6,30,0,0,19,0.036000000000000004,1,85.23,22,1010,N/A
2015,10,30,7,30,0,0,19,0.036000000000000004,0.9,89.52,22,1010,N/A
2015,10,30,8,30,0,0,19,0.036000000000000004,0.9,88.81,21,1010,N/A
2015,10,30,9,30,0,0,18,0.036000000000000004,0.8,87.93,21,1010,N/A
2015,10,30,10,30,0,0,18,0.036000000000000004,0.7000000000000001,87.01,21,1010,N/A
2015,10,30,11,30,0,0,18,0.036000000000000004,0.6000000000000001,86.3,21,1010,N/A
2015,10,30,12,30,42,520,18,0.036000000000000004,0.7000000000000001,82.22,22,1010,N/A
2015,10,30,13,30,64,752,19,0.036000000000000004,0.9,80.74,23,1010,N/A
2015,10,30,14,30,76,854,19,0.036000000000000004,1.1,75.98,24,1010,N/A
2015,10,30,15,30,84,904,19,0.036000000000000004,0.9,71.25,25,1010,N/A
2015,10,30,16,30,89,925,19,0.036000000000000004,0.7000000000000001,66.6,26,1010,N/A
2015,10,30,17,30,92,924,19,0.036000000000000004,0.7000000000000001,65.68,26,1010,N/A
2015,10,30,18,30,93,901,18,0.036000000000000004,0.7000000000000001,64.81,27,1010,N/A
2015,10,30,19,30,88,860,18,0.036000000000000004,0.6000000000000001,64.69,27,1010,N/A
2015,10,30,20,30,77,782,18,0.036000000000000004,0.6000000000000001,64.78,27,1010,N/A
2015,10,30,21,30,58,623,18,0.036000000000000004,0.6000000000000001,64.87,26,1010,N/A
2015,10,30,22,30,30,0,18,0.036000000000000004,0.6000000000000001,69.06,25,1010,N/A
2015,10,30,23,30,0,0,18,0.036000000000000004,0.8,69.21000000000001,24,1010,N/A
2015,10,31,0,30,0,0,18,0.036000000000000004,1.1,70.47,24,1010,N/A
2015,10,31,1,30,0,0,18,0.036000000000000004,1.4000000000000001,76.9,23,1010,N/A
2015,10,31,2,30,0,0,19,0.036000000000000004,1.5,83.31,22,1010,N/A
2015,10,31,3,30,0,0,19,0.036000000000000004,1.5,89.67,21,1010,N/A
2015,10,31,4,30,0,0,19,0.036000000000000004,1.7000000000000002,90.05,21,1010,N/A
2015,10,31,5,30,0,0,19,0.036000000000000004,2.1,89.76,21,1010,N/A
2015,10,31,6,30,0,0,19,0.036000000000000004,2.5,94.58,20,1010,N/A
2015,10,31,7,30,0,0,18,0.036000000000000004,2.7,93.8,20,1010,N/A
2015,10,31,8,30,0,0,18,0.036000000000000004,2.7,99.39,19,1010,N/A
2015,10,31,9,30,0,0,18,0.036000000000000004,2.7,99.49000000000001,19,1010,N/A
2015,10,31,10,30,0,0,18,0.036000000000000004,2.8000000000000003,99.83,19,1010,N/A
2015,10,31,11,30,0,0,19,0.036000000000000004,3,100,19,1010,N/A
2015,10,31,12,30,49,397,19,0.036000000000000004,3.4000000000000004,90.38,21,1010,N/A
2015,10,31,13,30,81,636,19,0.036000000000000004,3.4000000000000004,87.94,22,1010,N/A
2015,10,31,14,30,182,493,20,0.036000000000000004,3.3000000000000003,81.23,24,1010,N/A
2015,10,31,15,30,110,804,20,0.036000000000000004,3.2,78.27,25,1010,N/A
2015,10,31,16,30,115,830,21,0.036000000000000004,2.8000000000000003,77.16,26,1010,N/A
2015,10,31,17,30,334,348,22,0.036000000000000004,2.3000000000000003,76.34,27,1010,N/A
2015,10,31,18,30,288,373,23,0.036000000000000004,1.7000000000000002,79.16,28,1010,N/A
2015,10,31,19,30,110,760,23,0.036000000000000004,1.4000000000000001,75.96000000000001,28,1010,N/A
2015,10,31,20,30,96,672,23,0.036000000000000004,1.2000000000000002,81.2,28,1010,N/A
2015,10,31,21,30,72,490,23,0.036000000000000004,1,82.85000000000001,27,1010,N/A
2015,10,31,22,30,19,96,24,0.036000000000000004,0.9,89.72,26,1010,N/A
2015,10,31,23,30,0,0,23,0.036000000000000004,1.1,91.51,25,1010,N/A
2015,11,1,0,30,0,0,23,0.034,1.5,90.62,25,1010,N/A
2015,11,1,1,30,0,0,23,0.034,2.2,94.28,24,1010,N/A
2015,11,1,2,30,0,0,22,0.034,2.9000000000000004,91.77,24,1010,N/A
2015,11,1,3,30,0,0,22,0.034,3.2,96.02,23,1010,N/A
2015,11,1,4,30,0,0,22,0.034,3.3000000000000003,95.65,23,1010,N/A
2015,11,1,5,30,0,0,22,0.034,3.3000000000000003,100,22,1010,N/A
2015,11,1,6,30,0,0,22,0.034,3.3000000000000003,100,22,1010,N/A
2015,11,1,7,30,0,0,22,0.034,3.2,100,22,1010,N/A
2015,11,1,8,30,0,0,22,0.034,3,100,22,1010,N/A
2015,11,1,9,30,0,0,22,0.034,2.9000000000000004,100,22,1010,N/A
2015,11,1,10,30,0,0,22,0.034,2.8000000000000003,100,22,1010,N/A
2015,11,1,11,30,0,0,22,0.034,2.9000000000000004,100,22,1010,N/A
2015,11,1,12,30,56,297,23,0.034,3.2,100,23,1010,N/A
2015,11,1,13,30,95,564,23,0.034,3.4000000000000004,92.91,25,1010,N/A
2015,11,1,14,30,111,705,24,0.034,3.4000000000000004,91.07000000000001,26,1010,N/A
2015,11,1,15,30,103,813,24,0.034,3.2,87.96000000000001,27,1010,N/A
2015,11,1,16,30,104,848,25,0.034,2.8000000000000003,88.95,27,1010,N/A
2015,11,1,17,30,102,859,25,0.034,2.6,83.99,28,1010,N/A
2015,11,1,18,30,105,831,24,0.034,2.3000000000000003,83.58,28,1010,N/A
2015,11,1,19,30,96,794,24,0.034,2,83.06,28,1010,N/A
2015,11,1,20,30,83,714,24,0.034,1.7000000000000002,82.54,28,1010,N/A
2015,11,1,21,30,62,545,24,0.034,1.2000000000000002,88.17,27,1010,N/A
2015,11,1,22,30,18,131,25,0.034,0.9,95.04,26,1010,N/A
2015,11,1,23,30,0,0,24,0.034,0.8,96.82000000000001,26,1010,N/A
2015,11,2,0,30,0,0,24,0.034,0.8,96.18,25,1010,N/A
2015,11,2,1,30,0,0,24,0.034,0.8,95.79,25,1010,N/A
2015,11,2,2,30,0,0,24,0.034,0.9,95.42,25,1010,N/A
2015,11,2,3,30,0,0,24,0.034,1.1,100,24,1010,N/A
2015,11,2,4,30,0,0,24,0.034,1.3,100,24,1010,N/A
2015,11,2,5,30,0,0,23,0.034,1.5,100,23,1010,N/A
2015,11,2,6,30,0,0,23,0.034,1.6,100,23,1010,N/A
2015,11,2,7,30,0,0,23,0.034,1.7000000000000002,100,23,1010,N/A
2015,11,2,8,30,0,0,23,0.034,1.8,100,23,1010,N/A
2015,11,2,9,30,0,0,23,0.034,1.9000000000000001,100,23,1010,N/A
2015,11,2,10,30,0,0,23,0.034,2,100,23,1010,N/A
2015,11,2,11,30,0,0,23,0.034,2.3000000000000003,100,23,1010,N/A
2015,11,2,12,30,43,424,24,0.034,2.9000000000000004,100,24,1010,N/A
2015,11,2,13,30,68,682,24,0.034,3.3000000000000003,98.8,25,1010,N/A
2015,11,2,14,30,80,795,25,0.034,3.4000000000000004,94.85000000000001,26,1010,N/A
2015,11,2,15,30,92,842,25,0.034,3.2,89.3,27,1010,N/A
2015,11,2,16,30,98,863,25,0.034,3,84.17,28,1010,N/A
2015,11,2,17,30,102,861,25,0.034,2.8000000000000003,84.24,28,1010,N/A
2015,11,2,18,30,109,824,25,0.034,2.6,84.18,28,1010,N/A
2015,11,2,19,30,102,777,25,0.034,2.4000000000000004,84.07000000000001,28,1010,N/A
2015,11,2,20,30,90,688,25,0.034,2,88.9,28,1010,N/A
2015,11,2,21,30,68,500,25,0.034,1.5,89.12,27,1010,N/A
2015,11,2,22,30,17,87,25,0.034,1,96.24000000000001,26,1010,N/A
2015,11,2,23,30,0,0,24,0.034,0.9,99.17,25,1010,N/A
2015,11,3,0,30,0,0,24,0.034,0.8,98.58,25,1010,N/A
2015,11,3,1,30,0,0,24,0.034,0.7000000000000001,97.97,25,1010,N/A
2015,11,3,2,30,0,0,24,0.034,0.5,97.32000000000001,25,1010,N/A
2015,11,3,3,30,0,0,24,0.034,0.5,96.77,25,1010,N/A
2015,11,3,4,30,0,0,24,0.034,0.8,100,24,1010,N/A
2015,11,3,5,30,0,0,24,0.034,1.2000000000000002,100,24,1010,N/A
2015,11,3,6,30,0,0,23,0.034,1.5,100,23,1010,N/A
2015,11,3,7,30,0,0,23,0.034,1.7000000000000002,100,23,1010,N/A
2015,11,3,8,30,0,0,23,0.034,1.8,100,23,1010,N/A
2015,11,3,9,30,0,0,23,0.034,1.9000000000000001,100,23,1010,N/A
2015,11,3,10,30,0,0,23,0.034,1.9000000000000001,100,23,1010,N/A
2015,11,3,11,30,0,0,23,0.034,1.9000000000000001,100,23,1010,N/A
2015,11,3,12,30,49,349,24,0.034,2.2,100,24,1010,N/A
2015,11,3,13,30,84,610,24,0.034,2.4000000000000004,97.62,25,1010,N/A
2015,11,3,14,30,100,735,24,0.034,2,92.92,26,1010,N/A
2015,11,3,15,30,99,822,24,0.034,1.7000000000000002,87.58,27,1010,N/A
2015,11,3,16,30,106,846,24,0.034,1.4000000000000001,82.88,28,1010,N/A
2015,11,3,17,30,109,846,24,0.034,1.2000000000000002,82.24,28,1010,N/A
2015,11,3,18,30,120,798,24,0.034,1,76.46000000000001,29,1010,N/A
2015,11,3,19,30,114,745,24,0.034,0.7000000000000001,75,29,1010,N/A
2015,11,3,20,30,189,134,23,0.034,0.4,77.95,28,1010,N/A
2015,11,3,21,30,76,446,23,0.034,0.2,78.91,28,1010,N/A
2015,11,3,22,30,16,55,24,0.034,0.4,83.95,27,1010,N/A
2015,11,3,23,30,0,0,23,0.034,0.9,88.48,26,1010,N/A
2015,11,4,0,30,0,0,23,0.034,1.2000000000000002,92.34,26,1010,N/A
2015,11,4,1,30,0,0,23,0.034,1.3,92.3,25,1010,N/A
2015,11,4,2,30,0,0,23,0.034,1.4000000000000001,97.71000000000001,24,1010,N/A
2015,11,4,3,30,0,0,23,0.034,1.5,96.85000000000001,24,1010,N/A
2015,11,4,4,30,0,0,23,0.034,1.7000000000000002,100,24,1010,N/A
2015,11,4,5,30,0,0,23,0.034,2,100,23,1010,N/A
2015,11,4,6,30,0,0,23,0.034,2.1,100,23,1010,N/A
2015,11,4,7,30,0,0,22,0.034,2.1,100,23,1010,N/A
2015,11,4,8,30,0,0,22,0.034,2,100,22,1010,N/A
2015,11,4,9,30,0,0,22,0.034,1.9000000000000001,100,22,1010,N/A
2015,11,4,10,30,0,0,22,0.034,1.9000000000000001,100,22,1010,N/A
2015,11,4,11,30,0,0,22,0.034,2,100,22,1010,N/A
2015,11,4,12,30,41,429,23,0.034,2.5,97.09,24,1010,N/A
2015,11,4,13,30,67,679,24,0.034,2.9000000000000004,94.94,25,1010,N/A
2015,11,4,14,30,79,791,24,0.034,3,91.19,26,1020,N/A
2015,11,4,15,30,95,826,24,0.034,2.8000000000000003,85.15,27,1020,N/A
2015,11,4,16,30,102,845,24,0.034,2.5,79.65,28,1010,N/A
2015,11,4,17,30,107,841,24,0.034,2.3000000000000003,79.83,29,1010,N/A
2015,11,4,18,30,106,821,24,0.034,2.1,75.51,29,1010,N/A
2015,11,4,19,30,104,762,24,0.034,1.8,75.54,29,1010,N/A
2015,11,4,20,30,94,658,24,0.034,1.6,80.42,28,1010,N/A
2015,11,4,21,30,6,0,24,0.034,1.4000000000000001,86.60000000000001,27,1010,N/A
2015,11,4,22,30,15,35,24,0.034,1.4000000000000001,93.36,27,1010,N/A
2015,11,4,23,30,0,0,24,0.034,1.9000000000000001,91.18,26,1010,N/A
2015,11,5,0,30,0,0,24,0.034,2.6,90.43,26,1010,N/A
2015,11,5,1,30,0,0,24,0.034,3.1,95.54,25,1010,N/A
2015,11,5,2,30,0,0,24,0.034,3.3000000000000003,95.99000000000001,25,1010,N/A
2015,11,5,3,30,0,0,24,0.034,3.2,96.8,25,1010,N/A
2015,11,5,4,30,0,0,24,0.034,3.1,100,24,1010,N/A
2015,11,5,5,30,0,0,24,0.034,2.9000000000000004,100,24,1010,N/A
2015,11,5,6,30,0,0,24,0.034,2.9000000000000004,100,24,1010,N/A
2015,11,5,7,30,0,0,24,0.034,2.9000000000000004,100,24,1010,N/A
2015,11,5,8,30,0,0,24,0.034,2.9000000000000004,100,24,1010,N/A
2015,11,5,9,30,0,0,24,0.034,2.9000000000000004,100,24,1010,N/A
2015,11,5,10,30,0,0,23,0.034,2.9000000000000004,100,24,1020,N/A
2015,11,5,11,30,0,0,23,0.034,3,100,24,1020,N/A
2015,11,5,12,30,46,358,23,0.034,3.4000000000000004,99.2,24,1020,N/A
2015,11,5,13,30,75,635,24,0.034,3.8000000000000003,94.62,25,1020,N/A
2015,11,5,14,30,89,762,23,0.034,4.1000000000000005,88.64,26,1020,N/A
2015,11,5,15,30,96,828,23,0.034,4.1000000000000005,82.16,27,1020,N/A
2015,11,5,16,30,98,861,23,0.034,3.9000000000000004,76.65,28,1020,N/A
2015,11,5,17,30,97,869,23,0.034,3.5,76.4,28,1020,N/A
2015,11,5,18,30,89,865,23,0.034,3.2,76.5,29,1010,N/A
2015,11,5,19,30,86,817,23,0.034,3,76.43,29,1010,N/A
2015,11,5,20,30,77,726,23,0.034,2.8000000000000003,76.39,28,1010,N/A
2015,11,5,21,30,60,537,23,0.034,2.5,81.83,27,1010,N/A
2015,11,5,22,30,14,98,23,0.034,2.5,86.64,26,1010,N/A
2015,11,5,23,30,0,0,22,0.034,3,88.22,25,1020,N/A
2015,11,6,0,30,0,0,22,0.034,3.4000000000000004,86.67,25,1020,N/A
2015,11,6,1,30,0,0,22,0.034,3.3000000000000003,91.51,24,1020,N/A
2015,11,6,2,30,0,0,22,0.034,3.2,91.53,24,1020,N/A
2015,11,6,3,30,0,0,22,0.034,3,97.59,23,1020,N/A
2015,11,6,4,30,0,0,22,0.034,3,98.19,23,1020,N/A
2015,11,6,5,30,0,0,22,0.034,2.9000000000000004,100,23,1020,N/A
2015,11,6,6,30,0,0,22,0.034,2.8000000000000003,100,22,1020,N/A
2015,11,6,7,30,0,0,22,0.034,2.7,100,22,1010,N/A
2015,11,6,8,30,0,0,22,0.034,2.6,100,22,1010,N/A
2015,11,6,9,30,0,0,22,0.034,2.5,100,22,1020,N/A
2015,11,6,10,30,0,0,22,0.034,2.3000000000000003,100,22,1020,N/A
2015,11,6,11,30,0,0,22,0.034,2.4000000000000004,100,22,1020,N/A
2015,11,6,12,30,41,416,22,0.034,2.7,98.44,23,1020,N/A
2015,11,6,13,30,68,677,23,0.034,3.1,95.19,25,1020,N/A
2015,11,6,14,30,81,792,23,0.034,3.1,90.75,26,1020,N/A
2015,11,6,15,30,84,863,23,0.034,2.8000000000000003,85.28,27,1020,N/A
2015,11,6,16,30,86,890,23,0.034,2.6,79.48,27,1020,N/A
2015,11,6,17,30,86,897,22,0.034,2.4000000000000004,74.19,28,1010,N/A
2015,11,6,18,30,92,863,23,0.034,2.2,74.52,28,1010,N/A
2015,11,6,19,30,87,816,23,0.034,2,74.85000000000001,28,1010,N/A
2015,11,6,20,30,77,730,23,0.034,1.9000000000000001,74.94,28,1010,N/A
2015,11,6,21,30,59,539,23,0.034,1.6,80.41,27,1010,N/A
2015,11,6,22,30,14,85,23,0.034,1.7000000000000002,86.01,26,1010,N/A
2015,11,6,23,30,0,0,22,0.034,2.4000000000000004,82.58,26,1010,N/A
2015,11,7,0,30,0,0,22,0.034,3.2,86.11,25,1010,N/A
2015,11,7,1,30,0,0,22,0.034,3.5,91.9,24,1010,N/A
2015,11,7,2,30,0,0,22,0.034,3.4000000000000004,93.34,24,1010,N/A
2015,11,7,3,30,0,0,23,0.034,3.1,100,23,1010,N/A
2015,11,7,4,30,0,0,23,0.034,2.8000000000000003,100,23,1010,N/A
2015,11,7,5,30,0,0,22,0.034,2.5,100,22,1010,N/A
2015,11,7,6,30,0,0,22,0.034,2.3000000000000003,100,22,1010,N/A
2015,11,7,7,30,0,0,22,0.034,2.1,100,22,1010,N/A
2015,11,7,8,30,0,0,22,0.034,2,100,22,1010,N/A
2015,11,7,9,30,0,0,21,0.034,2,100,22,1010,N/A
2015,11,7,10,30,0,0,21,0.034,2,100,21,1010,N/A
2015,11,7,11,30,0,0,21,0.034,2.1,100,21,1010,N/A
2015,11,7,12,30,38,451,22,0.034,2.4000000000000004,100,22,1010,N/A
2015,11,7,13,30,141,149,22,0.034,2.4000000000000004,92.76,24,1010,N/A
2015,11,7,14,30,74,813,22,0.034,1.9000000000000001,88.02,25,1010,N/A
2015,11,7,15,30,81,866,22,0.034,1.4000000000000001,81.87,26,1010,N/A
2015,11,7,16,30,85,889,22,0.034,0.8,76.18,27,1010,N/A
2015,11,7,17,30,86,891,22,0.034,0.5,71.16,28,1010,N/A
2015,11,7,18,30,89,863,22,0.034,0.6000000000000001,71.87,28,1010,N/A
2015,11,7,19,30,84,819,23,0.034,0.8,74.35000000000001,28,1010,N/A
2015,11,7,20,30,73,734,23,0.034,1,75.15,28,1010,N/A
2015,11,7,21,30,55,557,23,0.034,1.1,80.08,27,1010,N/A
2015,11,7,22,30,13,109,23,0.034,1.2000000000000002,84.66,26,1010,N/A
2015,11,7,23,30,0,0,22,0.034,1.5,87.28,25,1010,N/A
2015,11,8,0,30,0,0,22,0.034,1.7000000000000002,87.06,25,1010,N/A
2015,11,8,1,30,0,0,22,0.034,1.8,92.35000000000001,24,1010,N/A
2015,11,8,2,30,0,0,22,0.034,1.9000000000000001,92.8,24,1010,N/A
2015,11,8,3,30,0,0,22,0.034,1.8,93.15,24,1010,N/A
2015,11,8,4,30,0,0,22,0.034,1.7000000000000002,93.81,24,1010,N/A
2015,11,8,5,30,0,0,23,0.034,1.7000000000000002,100,24,1010,N/A
2015,11,8,6,30,0,0,23,0.034,1.6,100,24,1010,N/A
2015,11,8,7,30,0,0,23,0.034,1.5,100,23,1010,N/A
2015,11,8,8,30,0,0,23,0.034,1.5,100,23,1010,N/A
2015,11,8,9,30,0,0,23,0.034,1.7000000000000002,96.88,24,1010,N/A
2015,11,8,10,30,0,0,23,0.034,1.9000000000000001,97.33,24,1010,N/A
2015,11,8,11,30,0,0,23,0.034,2,97.77,24,1010,N/A
2015,11,8,12,30,51,71,23,0.034,2.3000000000000003,98.59,24,1010,N/A
2015,11,8,13,30,135,221,24,0.034,2.8000000000000003,100,25,1010,N/A
2015,11,8,14,30,221,230,24,0.034,3,96.15,25,1010,N/A
2015,11,8,15,30,124,747,24,0.034,3,91.16,26,1010,N/A
2015,11,8,16,30,301,380,24,0.034,2.7,85.64,27,1010,N/A
2015,11,8,17,30,305,394,24,0.034,2.4000000000000004,85.61,27,1010,N/A
2015,11,8,18,30,189,3,24,0.034,2,86.29,27,1010,N/A
2015,11,8,19,30,261,128,24,0.034,1.8,87.3,27,1010,N/A
2015,11,8,20,30,90,0,24,0.034,1.5,87.74,27,1010,N/A
2015,11,8,21,30,61,0,24,0.034,1.1,91.82000000000001,26,1010,N/A
2015,11,8,22,30,4,0,24,0.034,0.8,91.84,26,1010,N/A
2015,11,8,23,30,0,0,23,0.034,0.7000000000000001,94.13,25,1010,N/A
2015,11,9,0,30,0,0,23,0.034,0.8,93.73,25,1010,N/A
2015,11,9,1,30,0,0,23,0.034,1,93.49,25,1010,N/A
2015,11,9,2,30,0,0,23,0.034,1.2000000000000002,98.89,24,1010,N/A
2015,11,9,3,30,0,0,23,0.034,1.5,98.36,24,1010,N/A
2015,11,9,4,30,0,0,23,0.034,1.8,98.04,24,1010,N/A
2015,11,9,5,30,0,0,23,0.034,2.1,97.91,24,1010,N/A
2015,11,9,6,30,0,0,23,0.034,2.4000000000000004,98.01,24,1010,N/A
2015,11,9,7,30,0,0,23,0.034,2.6,98.3,24,1010,N/A
2015,11,9,8,30,0,0,23,0.034,2.6,100,24,1010,N/A
2015,11,9,9,30,0,0,23,0.034,2.4000000000000004,100,24,1010,N/A
2015,11,9,10,30,0,0,23,0.034,2.4000000000000004,98.95,24,1010,N/A
2015,11,9,11,30,0,0,23,0.034,2.4000000000000004,99.32000000000001,24,1010,N/A
2015,11,9,12,30,45,279,24,0.034,2.7,100,24,1010,N/A
2015,11,9,13,30,138,129,24,0.034,2.9000000000000004,100,24,1010,N/A
2015,11,9,14,30,224,151,24,0.034,2.9000000000000004,98.84,25,1010,N/A
2015,11,9,15,30,269,51,25,0.034,2.9000000000000004,100,25,1010,N/A
2015,11,9,16,30,312,61,25,0.034,2.9000000000000004,95.99000000000001,26,1010,N/A
2015,11,9,17,30,172,1,25,0.034,2.8000000000000003,95.77,26,1010,N/A
2015,11,9,18,30,28,0,25,0.034,2.6,95.36,26,1010,N/A
2015,11,9,19,30,156,0,25,0.034,2.2,95.27,26,1010,N/A
2015,11,9,20,30,34,0,25,0.034,1.9000000000000001,95.9,26,1010,N/A
2015,11,9,21,30,69,0,25,0.034,1.7000000000000002,100,25,1010,N/A
2015,11,9,22,30,5,0,24,0.034,1.6,100,25,1010,N/A
2015,11,9,23,30,0,0,24,0.034,1.7000000000000002,100,24,1010,N/A
2015,11,10,0,30,0,0,24,0.034,1.9000000000000001,100,24,1010,N/A
2015,11,10,1,30,0,0,24,0.034,2,100,24,1010,N/A
2015,11,10,2,30,0,0,24,0.034,1.9000000000000001,100,24,1010,N/A
2015,11,10,3,30,0,0,24,0.034,1.8,100,24,1010,N/A
2015,11,10,4,30,0,0,24,0.034,1.6,100,24,1010,N/A
2015,11,10,5,30,0,0,24,0.034,1.3,100,24,1010,N/A
2015,11,10,6,30,0,0,23,0.034,1.1,99.77,24,1010,N/A
2015,11,10,7,30,0,0,23,0.034,1.1,99.27,24,1010,N/A
2015,11,10,8,30,0,0,23,0.034,1.1,98.85000000000001,24,1010,N/A
2015,11,10,9,30,0,0,23,0.034,1.2000000000000002,100,24,1010,N/A
2015,11,10,10,30,0,0,23,0.034,1.5,100,23,1010,N/A
2015,11,10,11,30,0,0,23,0.034,1.8,100,23,1010,N/A
2015,11,10,12,30,36,420,23,0.034,2.3000000000000003,100,24,1010,N/A
2015,11,10,13,30,55,0,23,0.034,2.9000000000000004,98.31,25,1010,N/A
2015,11,10,14,30,220,200,23,0.034,3.1,91.24,25,1010,N/A
2015,11,10,15,30,218,13,23,0.034,3.2,88.9,26,1010,N/A
2015,11,10,16,30,325,91,22,0.034,3.1,82.08,26,1010,N/A
2015,11,10,17,30,79,928,22,0.034,3.1,80.91,26,1010,N/A
2015,11,10,18,30,88,896,22,0.034,3.2,79.8,26,1010,N/A
2015,11,10,19,30,79,866,21,0.034,3.1,78.38,26,1010,N/A
2015,11,10,20,30,68,793,21,0.034,3,81.54,25,1010,N/A
2015,11,10,21,30,50,625,21,0.034,2.7,85.68,24,1010,N/A
2015,11,10,22,30,12,133,21,0.034,2.4000000000000004,91.45,23,1010,N/A
2015,11,10,23,30,0,0,21,0.034,2.5,95.12,22,1010,N/A
2015,11,11,0,30,0,0,21,0.034,2.6,95.37,22,1010,N/A
2015,11,11,1,30,0,0,21,0.034,2.6,95.83,22,1010,N/A
2015,11,11,2,30,0,0,21,0.034,2.5,100,21,1010,N/A
2015,11,11,3,30,0,0,21,0.034,2.5,100,21,1010,N/A
2015,11,11,4,30,0,0,21,0.034,2.4000000000000004,100,21,1010,N/A
2015,11,11,5,30,0,0,20,0.034,2.3000000000000003,100,21,1010,N/A
2015,11,11,6,30,0,0,20,0.034,2.2,100,20,1010,N/A
2015,11,11,7,30,0,0,20,0.034,2.1,100,20,1010,N/A
2015,11,11,8,30,0,0,20,0.034,1.9000000000000001,100,20,1010,N/A
2015,11,11,9,30,0,0,20,0.034,1.9000000000000001,100,20,1010,N/A
2015,11,11,10,30,0,0,20,0.034,1.9000000000000001,100,20,1010,N/A
2015,11,11,11,30,0,0,20,0.034,1.9000000000000001,100,20,1010,N/A
2015,11,11,12,30,35,488,20,0.034,2.4000000000000004,99.41,21,1010,N/A
2015,11,11,13,30,134,84,21,0.034,2.7,96.95,22,1010,N/A
2015,11,11,14,30,70,862,21,0.034,2.4000000000000004,94.03,23,1010,N/A
2015,11,11,15,30,80,909,21,0.034,2.1,87.43,24,1010,N/A
2015,11,11,16,30,83,935,21,0.034,1.8,79.64,25,1010,N/A
2015,11,11,17,30,85,937,20,0.034,1.6,72.24,26,1010,N/A
2015,11,11,18,30,84,918,20,0.034,1.5,70.45,27,1010,N/A
2015,11,11,19,30,78,877,19,0.034,1.5,65.13,27,1010,N/A
2015,11,11,20,30,69,796,19,0.034,1.5,68.45,26,1010,N/A
2015,11,11,21,30,51,622,19,0.034,1.4000000000000001,72.8,25,1010,N/A
2015,11,11,22,30,11,133,19,0.034,1.5,77.61,24,1010,N/A
2015,11,11,23,30,0,0,18,0.034,1.6,75.75,23,1010,N/A
2015,11,12,0,30,0,0,18,0.034,1.7000000000000002,79.37,23,1010,N/A
2015,11,12,1,30,0,0,18,0.034,1.8,79.09,22,1010,N/A
2015,11,12,2,30,0,0,18,0.034,1.9000000000000001,85.15,21,1010,N/A
2015,11,12,3,30,0,0,19,0.034,2,88.45,21,1010,N/A
2015,11,12,4,30,0,0,19,0.034,2,97.87,20,1010,N/A
2015,11,12,5,30,0,0,20,0.034,1.9000000000000001,100,20,1010,N/A
2015,11,12,6,30,0,0,20,0.034,1.8,100,20,1010,N/A
2015,11,12,7,30,0,0,20,0.034,1.6,100,20,1010,N/A
2015,11,12,8,30,0,0,20,0.034,1.4000000000000001,100,20,1010,N/A
2015,11,12,9,30,0,0,20,0.034,1.2000000000000002,100,20,1010,N/A
2015,11,12,10,30,0,0,20,0.034,1,97.59,21,1010,N/A
2015,11,12,11,30,0,0,20,0.034,0.8,97.17,21,1010,N/A
2015,11,12,12,30,38,402,20,0.034,0.8,97.58,21,1010,N/A
2015,11,12,13,30,65,678,21,0.034,0.7000000000000001,89.39,23,1010,N/A
2015,11,12,14,30,79,795,21,0.034,0.6000000000000001,80.72,25,1010,N/A
2015,11,12,15,30,99,825,21,0.034,0.9,75.01,26,1010,N/A
2015,11,12,16,30,106,847,21,0.034,1.4000000000000001,71.53,27,1010,N/A
2015,11,12,17,30,108,850,21,0.034,1.8,73.33,27,1010,N/A
2015,11,12,18,30,262,433,22,0.034,2.1,74.71000000000001,27,1010,N/A
2015,11,12,19,30,99,781,22,0.034,2.2,75.60000000000001,27,1010,N/A
2015,11,12,20,30,83,700,22,0.034,2.3000000000000003,80.83,27,1010,N/A
2015,11,12,21,30,59,521,22,0.034,2,86.53,26,1010,N/A
2015,11,12,22,30,10,68,22,0.034,1.9000000000000001,92.95,24,1010,N/A
2015,11,12,23,30,0,0,22,0.034,2.1,89.52,24,1010,N/A
2015,11,13,0,30,0,0,22,0.034,2.2,94.23,23,1010,N/A
2015,11,13,1,30,0,0,21,0.034,2.2,93.08,23,1010,N/A
2015,11,13,2,30,0,0,21,0.034,2.1,97.29,22,1010,N/A
2015,11,13,3,30,0,0,21,0.034,1.9000000000000001,95.2,22,1010,N/A
2015,11,13,4,30,0,0,20,0.034,1.7000000000000002,93.05,22,1010,N/A
2015,11,13,5,30,0,0,20,0.034,1.6,97.22,21,1010,N/A
2015,11,13,6,30,0,0,20,0.034,1.6,96.14,21,1010,N/A
2015,11,13,7,30,0,0,20,0.034,1.6,95.81,21,1010,N/A
2015,11,13,8,30,0,0,20,0.034,1.8,96.19,21,1010,N/A
2015,11,13,9,30,0,0,20,0.034,2,100,21,1010,N/A
2015,11,13,10,30,0,0,20,0.034,2.1,100,20,1010,N/A
2015,11,13,11,30,0,0,20,0.034,2.3000000000000003,100,20,1010,N/A
2015,11,13,12,30,36,419,20,0.034,2.8000000000000003,99.48,21,1010,N/A
2015,11,13,13,30,85,0,21,0.034,3.2,91.44,23,1010,N/A
2015,11,13,14,30,174,11,21,0.034,3.2,87.78,24,1010,N/A
2015,11,13,15,30,283,119,21,0.034,2.9000000000000004,82.14,25,1010,N/A
2015,11,13,16,30,91,887,21,0.034,2.7,76.62,26,1010,N/A
2015,11,13,17,30,91,893,21,0.034,2.8000000000000003,76.15,26,1010,N/A
2015,11,13,18,30,88,877,21,0.034,3,75.43,26,1010,N/A
2015,11,13,19,30,81,838,21,0.034,3.1,74.65,26,1010,N/A
2015,11,13,20,30,69,758,20,0.034,3.2,78.49,25,1010,N/A
2015,11,13,21,30,50,589,20,0.034,3,83.08,24,1010,N/A
2015,11,13,22,30,10,113,20,0.034,2.9000000000000004,87.73,23,1010,N/A
2015,11,13,23,30,0,0,20,0.034,3.3000000000000003,88.58,22,1010,N/A
2015,11,14,0,30,0,0,19,0.034,3.7,85.75,22,1010,N/A
2015,11,14,1,30,0,0,18,0.034,3.8000000000000003,87.53,21,1010,N/A
2015,11,14,2,30,0,0,18,0.034,4,84.27,21,1010,N/A
2015,11,14,3,30,0,0,17,0.034,4.2,86.56,20,1010,N/A
2015,11,14,4,30,0,0,17,0.034,4.5,83.73,20,1010,N/A
2015,11,14,5,30,0,0,16,0.034,4.7,85.79,19,1010,N/A
2015,11,14,6,30,0,0,15,0.034,4.800000000000001,86.58,18,1010,N/A
2015,11,14,7,30,0,0,14,0.034,4.9,80.62,18,1010,N/A
2015,11,14,8,30,0,0,13,0.034,5,78.60000000000001,17,1010,N/A
2015,11,14,9,30,0,0,12,0.034,5,78.71000000000001,17,1010,N/A
2015,11,14,10,30,0,0,11,0.034,4.9,76.97,16,1020,N/A
2015,11,14,11,30,0,0,11,0.034,4.800000000000001,76.29,16,1020,N/A
2015,11,14,12,30,32,0,11,0.034,4.800000000000001,76.43,16,1020,N/A
2015,11,14,13,30,104,406,12,0.034,4.9,73.59,17,1020,N/A
2015,11,14,14,30,145,554,13,0.034,4.9,73.09,19,1020,N/A
2015,11,14,15,30,244,405,14,0.034,4.800000000000001,69.57000000000001,20,1020,N/A
2015,11,14,16,30,295,362,15,0.034,4.6000000000000005,70.2,21,1020,N/A
2015,11,14,17,30,253,502,16,0.034,4.4,69.03,22,1020,N/A
2015,11,14,18,30,258,436,16,0.034,4.1000000000000005,66.47,23,1020,N/A
2015,11,14,19,30,231,329,16,0.034,3.9000000000000004,63.72,24,1020,N/A
2015,11,14,20,30,170,202,17,0.034,3.8000000000000003,69.97,23,1020,N/A
2015,11,14,21,30,85,62,17,0.034,4,75.81,22,1020,N/A
2015,11,14,22,30,0,0,17,0.034,4.3,74.92,22,1020,N/A
2015,11,14,23,30,0,0,17,0.034,4.4,79.11,21,1020,N/A
2015,11,15,0,30,0,0,17,0.034,4.5,84.17,20,1020,N/A
2015,11,15,1,30,0,0,17,0.034,4.5,84.56,20,1020,N/A
2015,11,15,2,30,0,0,17,0.034,4.5,90.74,20,1020,N/A
2015,11,15,3,30,0,0,17,0.034,4.6000000000000005,91.07000000000001,19,1020,N/A
2015,11,15,4,30,0,0,17,0.034,4.6000000000000005,91.19,19,1020,N/A
2015,11,15,5,30,0,0,17,0.034,4.6000000000000005,91.49,19,1020,N/A
2015,11,15,6,30,0,0,17,0.034,4.6000000000000005,91.75,19,1020,N/A
2015,11,15,7,30,0,0,17,0.034,4.800000000000001,97.62,19,1020,N/A
2015,11,15,8,30,0,0,17,0.034,4.9,97.09,18,1020,N/A
2015,11,15,9,30,0,0,17,0.034,5,96.22,18,1020,N/A
2015,11,15,10,30,0,0,17,0.034,4.9,95.3,18,1020,N/A
2015,11,15,11,30,0,0,17,0.034,4.9,94.69,18,1020,N/A
2015,11,15,12,30,27,0,17,0.034,5,94.31,18,1020,N/A
2015,11,15,13,30,129,148,17,0.034,5.1000000000000005,84.18,20,1020,N/A
2015,11,15,14,30,214,142,17,0.034,5.5,81.27,21,1020,N/A
2015,11,15,15,30,281,127,18,0.034,5.6000000000000005,74.19,23,1020,N/A
2015,11,15,16,30,322,213,18,0.034,5.4,72.36,24,1020,N/A
2015,11,15,17,30,326,101,19,0.034,5,74.24,24,1020,N/A
2015,11,15,18,30,307,145,19,0.034,4.6000000000000005,70.81,25,1020,N/A
2015,11,15,19,30,247,213,19,0.034,4.3,71.24,25,1020,N/A
2015,11,15,20,30,145,382,19,0.034,3.9000000000000004,75.76,24,1020,N/A
2015,11,15,21,30,85,127,19,0.034,3.5,80.8,23,1020,N/A
2015,11,15,22,30,0,0,19,0.034,3.4000000000000004,85.14,22,1020,N/A
2015,11,15,23,30,0,0,19,0.034,3.8000000000000003,83.15,22,1020,N/A
2015,11,16,0,30,0,0,18,0.034,4.1000000000000005,87.44,21,1020,N/A
2015,11,16,1,30,0,0,18,0.034,4.1000000000000005,86.71000000000001,21,1020,N/A
2015,11,16,2,30,0,0,18,0.034,4.1000000000000005,91.87,20,1020,N/A
2015,11,16,3,30,0,0,18,0.034,4.1000000000000005,91.92,20,1020,N/A
2015,11,16,4,30,0,0,18,0.034,3.8000000000000003,92.48,20,1020,N/A
2015,11,16,5,30,0,0,18,0.034,3.5,93.26,20,1020,N/A
2015,11,16,6,30,0,0,19,0.034,3.3000000000000003,100,20,1020,N/A
2015,11,16,7,30,0,0,19,0.034,3.3000000000000003,100,20,1020,N/A
2015,11,16,8,30,0,0,19,0.034,3.4000000000000004,95.57000000000001,20,1020,N/A
2015,11,16,9,30,0,0,19,0.034,3.6,95.95,20,1020,N/A
2015,11,16,10,30,0,0,19,0.034,3.5,96.14,20,1020,N/A
2015,11,16,11,30,0,0,19,0.034,3.5,96.02,20,1020,N/A
2015,11,16,12,30,42,269,19,0.034,3.7,95.86,20,1020,N/A
2015,11,16,13,30,78,587,19,0.034,3.7,91.27,21,1020,N/A
2015,11,16,14,30,95,729,19,0.034,3.9000000000000004,82.94,23,1020,N/A
2015,11,16,15,30,105,800,20,0.034,4.1000000000000005,78.62,24,1020,N/A
2015,11,16,16,30,110,832,20,0.034,3.9000000000000004,74.39,25,1020,N/A
2015,11,16,17,30,111,838,20,0.034,3.6,70.37,26,1020,N/A
2015,11,16,18,30,100,838,20,0.034,3.2,70.62,26,1010,N/A
2015,11,16,19,30,92,796,20,0.034,2.9000000000000004,70.58,26,1010,N/A
2015,11,16,20,30,78,711,20,0.034,2.8000000000000003,70.5,26,1010,N/A
2015,11,16,21,30,55,529,20,0.034,2.5,75.92,25,1010,N/A
2015,11,16,22,30,0,0,20,0.034,2.5,84.63,23,1010,N/A
2015,11,16,23,30,0,0,19,0.034,3,80.96000000000001,23,1010,N/A
2015,11,17,0,30,0,0,19,0.034,3.4000000000000004,85.57000000000001,22,1010,N/A
2015,11,17,1,30,0,0,19,0.034,3.4000000000000004,91.79,22,1010,N/A
2015,11,17,2,30,0,0,19,0.034,3.4000000000000004,92.77,21,1010,N/A
2015,11,17,3,30,0,0,19,0.034,3.5,93.56,21,1010,N/A
2015,11,17,4,30,0,0,20,0.034,3.6,100,20,1010,N/A
2015,11,17,5,30,0,0,20,0.034,3.7,100,20,1010,N/A
2015,11,17,6,30,0,0,20,0.034,3.7,100,20,1010,N/A
2015,11,17,7,30,0,0,20,0.034,3.6,100,20,1010,N/A
2015,11,17,8,30,0,0,20,0.034,3.4000000000000004,100,20,1010,N/A
2015,11,17,9,30,0,0,20,0.034,3.3000000000000003,100,20,1010,N/A
2015,11,17,10,30,0,0,20,0.034,3.5,100,20,1010,N/A
2015,11,17,11,30,0,0,20,0.034,3.7,100,20,1010,N/A
2015,11,17,12,30,45,192,20,0.034,4.1000000000000005,99.35000000000001,21,1010,N/A
2015,11,17,13,30,88,527,21,0.034,4.6000000000000005,90.29,23,1010,N/A
2015,11,17,14,30,103,696,21,0.034,5.1000000000000005,88,24,1010,N/A
2015,11,17,15,30,88,836,22,0.034,5.2,83.73,25,1010,N/A
2015,11,17,16,30,305,297,22,0.034,5.1000000000000005,78.81,26,1010,N/A
2015,11,17,17,30,293,381,22,0.034,4.800000000000001,74.16,27,1010,N/A
2015,11,17,18,30,261,413,22,0.034,4.5,74.29,27,1010,N/A
2015,11,17,19,30,232,57,22,0.034,4,74.64,27,1010,N/A
2015,11,17,20,30,156,302,22,0.034,3.4000000000000004,79.99,26,1010,N/A
2015,11,17,21,30,83,88,22,0.034,3.1,86.08,25,1010,N/A
2015,11,17,22,30,0,0,22,0.034,3.4000000000000004,85.35000000000001,25,1010,N/A
2015,11,17,23,30,0,0,22,0.034,4,88.94,24,1010,N/A
2015,11,18,0,30,0,0,21,0.034,4.3,88.46000000000001,24,1010,N/A
2015,11,18,1,30,0,0,21,0.034,4.1000000000000005,93.85000000000001,23,1010,N/A
2015,11,18,2,30,0,0,21,0.034,4.1000000000000005,93.87,23,1010,N/A
2015,11,18,3,30,0,0,22,0.034,4.2,100,22,1010,N/A
2015,11,18,4,30,0,0,22,0.034,4.3,100,22,1010,N/A
2015,11,18,5,30,0,0,22,0.034,4.1000000000000005,100,22,1010,N/A
2015,11,18,6,30,0,0,22,0.034,3.9000000000000004,100,22,1010,N/A
2015,11,18,7,30,0,0,22,0.034,3.6,100,22,1010,N/A
2015,11,18,8,30,0,0,22,0.034,3.4000000000000004,100,22,1010,N/A
2015,11,18,9,30,0,0,22,0.034,3.2,100,22,1010,N/A
2015,11,18,10,30,0,0,22,0.034,3.2,100,22,1010,N/A
2015,11,18,11,30,0,0,22,0.034,3.4000000000000004,100,22,1010,N/A
2015,11,18,12,30,38,277,22,0.034,3.7,100,22,1010,N/A
2015,11,18,13,30,72,591,22,0.034,4,98.03,23,1010,N/A
2015,11,18,14,30,90,727,23,0.034,4.2,89.60000000000001,25,1010,N/A
2015,11,18,15,30,278,156,23,0.034,4.4,85.95,26,1010,N/A
2015,11,18,16,30,305,290,23,0.034,4.3,80.43,27,1010,N/A
2015,11,18,17,30,327,208,23,0.034,4,79.61,27,1010,N/A
2015,11,18,18,30,301,206,23,0.034,3.6,75.06,28,1010,N/A
2015,11,18,19,30,232,297,23,0.034,3.1,79.61,27,1010,N/A
2015,11,18,20,30,152,25,23,0.034,2.5,79.99,27,1010,N/A
2015,11,18,21,30,38,0,23,0.034,1.7000000000000002,86.93,26,1010,N/A
2015,11,18,22,30,0,0,24,0.034,1.2000000000000002,94.25,25,1010,N/A
2015,11,18,23,30,0,0,23,0.034,1,93.14,25,1010,N/A
2015,11,19,0,30,0,0,23,0.034,0.8,99.56,25,1010,N/A
2015,11,19,1,30,0,0,23,0.034,0.8,99.72,24,1010,N/A
2015,11,19,2,30,0,0,23,0.034,1.3,99.59,24,1010,N/A
2015,11,19,3,30,0,0,23,0.034,2,98.93,24,1010,N/A
2015,11,19,4,30,0,0,23,0.034,2.8000000000000003,100,23,1010,N/A
2015,11,19,5,30,0,0,23,0.034,3.5,100,23,1010,N/A
2015,11,19,6,30,0,0,23,0.034,3.5,100,23,1010,N/A
2015,11,19,7,30,0,0,23,0.034,2.9000000000000004,100,23,1010,N/A
2015,11,19,8,30,0,0,23,0.034,2.3000000000000003,100,23,1010,N/A
2015,11,19,9,30,0,0,23,0.034,1.8,100,23,1010,N/A
2015,11,19,10,30,0,0,23,0.034,1.6,100,23,1010,N/A
2015,11,19,11,30,0,0,23,0.034,1.6,100,23,1010,N/A
2015,11,19,12,30,38,148,23,0.034,1.9000000000000001,100,23,1010,N/A
2015,11,19,13,30,119,214,24,0.034,2.2,100,24,1010,N/A
2015,11,19,14,30,196,278,24,0.034,2.3000000000000003,100,24,1010,N/A
2015,11,19,15,30,276,154,24,0.034,2.2,97.96000000000001,25,1010,N/A
2015,11,19,16,30,315,216,24,0.034,1.9000000000000001,98.43,25,1010,N/A
2015,11,19,17,30,317,90,24,0.034,1.5,92.77,26,1010,N/A
2015,11,19,18,30,222,13,24,0.034,1.2000000000000002,92.51,26,1010,N/A
2015,11,19,19,30,167,1,24,0.034,0.8,92.13,26,1010,N/A
2015,11,19,20,30,157,40,24,0.034,0.5,97.07000000000001,25,1010,N/A
2015,11,19,21,30,6,0,24,0.034,0.30000000000000004,100,25,1010,N/A
2015,11,19,22,30,0,0,24,0.034,0.30000000000000004,100,24,1010,N/A
2015,11,19,23,30,0,0,23,0.034,0.4,98.9,24,1010,N/A
2015,11,20,0,30,0,0,23,0.034,0.6000000000000001,100,23,1010,N/A
2015,11,20,1,30,0,0,23,0.034,0.8,100,23,1010,N/A
2015,11,20,2,30,0,0,23,0.034,0.9,100,23,1010,N/A
2015,11,20,3,30,0,0,23,0.034,1.1,100,23,1010,N/A
2015,11,20,4,30,0,0,23,0.034,1.2000000000000002,100,23,1010,N/A
2015,11,20,5,30,0,0,23,0.034,1.5,100,23,1010,N/A
2015,11,20,6,30,0,0,22,0.034,1.7000000000000002,100,22,1010,N/A
2015,11,20,7,30,0,0,22,0.034,1.9000000000000001,100,22,1010,N/A
2015,11,20,8,30,0,0,22,0.034,2,100,22,1010,N/A
2015,11,20,9,30,0,0,22,0.034,2.1,100,22,1010,N/A
2015,11,20,10,30,0,0,22,0.034,2.3000000000000003,100,22,1010,N/A
2015,11,20,11,30,0,0,22,0.034,2.7,100,22,1010,N/A
2015,11,20,12,30,35,278,22,0.034,3.3000000000000003,100,22,1010,N/A
2015,11,20,13,30,76,0,22,0.034,3.8000000000000003,100,23,1010,N/A
2015,11,20,14,30,205,116,22,0.034,3.9000000000000004,97.44,23,1010,N/A
2015,11,20,15,30,265,259,22,0.034,3.7,91.43,24,1010,N/A
2015,11,20,16,30,284,47,22,0.034,3.1,85.8,25,1010,N/A
2015,11,20,17,30,289,52,22,0.034,2.5,85.96000000000001,25,1010,N/A
2015,11,20,18,30,231,465,22,0.034,2,81.3,26,1010,N/A
2015,11,20,19,30,193,443,22,0.034,1.7000000000000002,81.37,26,1010,N/A
2015,11,20,20,30,159,253,22,0.034,1.5,81.29,26,1010,N/A
2015,11,20,21,30,81,131,22,0.034,1.5,87.15,25,1010,N/A
2015,11,20,22,30,0,0,22,0.034,1.8,92.88,24,1010,N/A
2015,11,20,23,30,0,0,22,0.034,2.7,90.48,24,1010,N/A
2015,11,21,0,30,0,0,22,0.034,3.7,95.8,23,1010,N/A
2015,11,21,1,30,0,0,22,0.034,4.1000000000000005,100,23,1010,N/A
2015,11,21,2,30,0,0,21,0.034,4,99.78,22,1010,N/A
2015,11,21,3,30,0,0,21,0.034,3.7,100,21,1010,N/A
2015,11,21,4,30,0,0,21,0.034,3.3000000000000003,100,21,1010,N/A
2015,11,21,5,30,0,0,20,0.034,3,98.91,21,1010,N/A
2015,11,21,6,30,0,0,20,0.034,2.9000000000000004,98.46000000000001,21,1010,N/A
2015,11,21,7,30,0,0,20,0.034,2.9000000000000004,99.23,21,1010,N/A
2015,11,21,8,30,0,0,21,0.034,2.7,100,21,1010,N/A
2015,11,21,9,30,0,0,21,0.034,2.3000000000000003,100,21,1010,N/A
2015,11,21,10,30,0,0,21,0.034,2.1,100,21,1010,N/A
2015,11,21,11,30,0,0,21,0.034,2.1,100,21,1010,N/A
2015,11,21,12,30,12,0,21,0.034,2.4000000000000004,99.2,22,1010,N/A
2015,11,21,13,30,77,0,22,0.034,2.5,100,22,1010,N/A
2015,11,21,14,30,96,0,22,0.034,2.2,97.77,23,1010,N/A
2015,11,21,15,30,89,0,23,0.034,1.8,100,23,1010,N/A
2015,11,21,16,30,196,5,23,0.034,1.6,96.47,24,1010,N/A
2015,11,21,17,30,226,11,23,0.034,1.5,97.12,24,1010,N/A
2015,11,21,18,30,191,4,23,0.034,1.6,95.44,24,1010,N/A
2015,11,21,19,30,188,10,23,0.034,1.9000000000000001,94.39,24,1010,N/A
2015,11,21,20,30,147,19,22,0.034,2,99.52,24,1010,N/A
2015,11,21,21,30,51,0,22,0.034,1.6,98.72,23,1010,N/A
2015,11,21,22,30,0,0,22,0.034,0.9,100,23,1010,N/A
2015,11,21,23,30,0,0,22,0.034,0.4,100,23,1010,N/A
2015,11,22,0,30,0,0,22,0.034,0.2,100,23,1010,N/A
2015,11,22,1,30,0,0,22,0.034,0.4,100,22,1010,N/A
2015,11,22,2,30,0,0,22,0.034,0.5,100,22,1010,N/A
2015,11,22,3,30,0,0,22,0.034,0.7000000000000001,100,22,1010,N/A
2015,11,22,4,30,0,0,21,0.034,0.9,98.66,22,1010,N/A
2015,11,22,5,30,0,0,21,0.034,1.1,100,21,1010,N/A
2015,11,22,6,30,0,0,21,0.034,1.2000000000000002,100,21,1010,N/A
2015,11,22,7,30,0,0,21,0.034,1.1,100,21,1010,N/A
2015,11,22,8,30,0,0,21,0.034,0.9,100,21,1010,N/A
2015,11,22,9,30,0,0,20,0.034,0.7000000000000001,99.48,21,1010,N/A
2015,11,22,10,30,0,0,20,0.034,0.4,98.83,21,1010,N/A
2015,11,22,11,30,0,0,20,0.034,0.5,98.73,21,1010,N/A
2015,11,22,12,30,4,0,20,0.034,1,99.9,21,1010,N/A
2015,11,22,13,30,115,45,21,0.034,1.6,97.38,22,1010,N/A
2015,11,22,14,30,201,158,21,0.034,2.1,98.69,23,1010,N/A
2015,11,22,15,30,256,293,21,0.034,2.6,93.05,23,1010,N/A
2015,11,22,16,30,75,0,21,0.034,3.1,92.41,24,1010,N/A
2015,11,22,17,30,191,4,21,0.034,3.5,86.31,24,1010,N/A
2015,11,22,18,30,294,219,21,0.034,3.8000000000000003,85.08,24,1010,N/A
2015,11,22,19,30,237,88,21,0.034,4.1000000000000005,83.85000000000001,24,1010,N/A
2015,11,22,20,30,157,48,20,0.034,4.1000000000000005,87.85000000000001,23,1010,N/A
2015,11,22,21,30,65,417,20,0.034,3.9000000000000004,92.21000000000001,22,1010,N/A
2015,11,22,22,30,0,0,20,0.034,4,96.24000000000001,21,1010,N/A
2015,11,22,23,30,0,0,19,0.034,4.4,93.29,21,1010,N/A
2015,11,23,0,30,0,0,19,0.034,4.5,96.78,20,1010,N/A
2015,11,23,1,30,0,0,19,0.034,4.3,100,19,1010,N/A
2015,11,23,2,30,0,0,18,0.034,4.4,100,19,1010,N/A
2015,11,23,3,30,0,0,17,0.034,4.7,97.46000000000001,18,1010,N/A
2015,11,23,4,30,0,0,16,0.034,5,96.02,17,1010,N/A
2015,11,23,5,30,0,0,14,0.034,5.1000000000000005,92.86,16,1010,N/A
2015,11,23,6,30,0,0,13,0.034,4.9,94.25,14,1010,N/A
2015,11,23,7,30,0,0,11,0.034,4.7,92.51,13,1010,N/A
2015,11,23,8,30,0,0,10,0.034,4.6000000000000005,92.14,12,1010,N/A
2015,11,23,9,30,0,0,9,0.034,4.5,87.39,12,1010,N/A
2015,11,23,10,30,0,0,9,0.034,4.3,89.51,11,1010,N/A
2015,11,23,11,30,0,0,8,0.034,4.3,86.64,11,1020,N/A
2015,11,23,12,30,29,462,8,0.034,4.6000000000000005,85.02,11,1020,N/A
2015,11,23,13,30,55,776,8,0.034,4.800000000000001,78.55,12,1020,N/A
2015,11,23,14,30,68,897,8,0.034,4.800000000000001,68.69,14,1020,N/A
2015,11,23,15,30,76,955,8,0.034,4.7,65.19,15,1020,N/A
2015,11,23,16,30,79,982,8,0.034,4.6000000000000005,60.43,16,1020,N/A
2015,11,23,17,30,80,987,8,0.034,4.5,55.45,17,1020,N/A
2015,11,23,18,30,78,971,7,0.034,4.3,51.74,18,1020,N/A
2015,11,23,19,30,72,931,8,0.034,4.1000000000000005,52.22,18,1020,N/A
2015,11,23,20,30,63,849,8,0.034,3.8000000000000003,52.44,18,1020,N/A
2015,11,23,21,30,46,668,8,0.034,3.3000000000000003,59.18,17,1020,N/A
2015,11,23,22,30,0,0,9,0.034,3.2,70.48,15,1020,N/A
2015,11,23,23,30,0,0,9,0.034,3.5,73.34,15,1020,N/A
2015,11,24,0,30,0,0,9,0.034,3.9000000000000004,74.79,14,1020,N/A
2015,11,24,1,30,0,0,10,0.034,4.3,77.9,14,1020,N/A
2015,11,24,2,30,0,0,11,0.034,4.5,87.71000000000001,14,1020,N/A
2015,11,24,3,30,0,0,11,0.034,4.5,92.05,13,1020,N/A
2015,11,24,4,30,0,0,11,0.034,4.5,100,13,1020,N/A
2015,11,24,5,30,0,0,11,0.034,4.6000000000000005,99.97,12,1020,N/A
2015,11,24,6,30,0,0,11,0.034,4.800000000000001,98.89,12,1020,N/A
2015,11,24,7,30,0,0,11,0.034,4.9,98.54,12,1020,N/A
2015,11,24,8,30,0,0,11,0.034,4.9,98.71000000000001,12,1020,N/A
2015,11,24,9,30,0,0,11,0.034,4.800000000000001,99,12,1020,N/A
2015,11,24,10,30,0,0,11,0.034,4.7,99.39,12,1020,N/A
2015,11,24,11,30,0,0,11,0.034,4.800000000000001,100,12,1020,N/A
2015,11,24,12,30,34,305,12,0.034,5,94.58,13,1020,N/A
2015,11,24,13,30,69,652,12,0.034,5.2,85.71000000000001,15,1020,N/A
2015,11,24,14,30,155,457,13,0.034,5.300000000000001,79.10000000000001,17,1020,N/A
2015,11,24,15,30,171,589,14,0.034,5.5,73.26,19,1020,N/A
2015,11,24,16,30,247,470,14,0.034,5.5,69.60000000000001,20,1020,N/A
2015,11,24,17,30,102,894,14,0.034,5.300000000000001,65.2,21,1020,N/A
2015,11,24,18,30,96,880,14,0.034,5.1000000000000005,65.3,21,1020,N/A
2015,11,24,19,30,91,827,14,0.034,5.1000000000000005,65.72,22,1020,N/A
2015,11,24,20,30,164,132,14,0.034,4.9,66.26,21,1020,N/A
2015,11,24,21,30,60,497,14,0.034,4.6000000000000005,71.29,20,1020,N/A
2015,11,24,22,30,0,0,14,0.034,4.4,76.2,19,1020,N/A
2015,11,24,23,30,0,0,14,0.034,4.5,76.35000000000001,19,1020,N/A
2015,11,25,0,30,0,0,14,0.032,4.4,81.8,18,1020,N/A
2015,11,25,1,30,0,0,14,0.032,4.1000000000000005,82.29,18,1020,N/A
2015,11,25,2,30,0,0,15,0.032,4.1000000000000005,82.76,18,1020,N/A
2015,11,25,3,30,0,0,15,0.032,4.1000000000000005,88.88,18,1020,N/A
2015,11,25,4,30,0,0,15,0.032,4.2,89.66,17,1020,N/A
2015,11,25,5,30,0,0,15,0.032,4.3,90.33,17,1020,N/A
2015,11,25,6,30,0,0,15,0.032,4.4,90.8,17,1020,N/A
2015,11,25,7,30,0,0,15,0.032,4.5,91.01,17,1020,N/A
2015,11,25,8,30,0,0,15,0.032,4.4,91.03,17,1020,N/A
2015,11,25,9,30,0,0,15,0.032,4.3,91.17,17,1020,N/A
2015,11,25,10,30,0,0,15,0.032,4.1000000000000005,91.46000000000001,17,1020,N/A
2015,11,25,11,30,0,0,15,0.032,4.1000000000000005,92.04,17,1020,N/A
2015,11,25,12,30,35,227,15,0.032,4.4,92.95,17,1020,N/A
2015,11,25,13,30,78,566,16,0.032,4.5,84.36,19,1020,N/A
2015,11,25,14,30,191,234,16,0.032,4.9,77.79,21,1020,N/A
2015,11,25,15,30,117,773,17,0.032,5.5,75.41,22,1020,N/A
2015,11,25,16,30,127,801,17,0.032,5.7,71.74,23,1020,N/A
2015,11,25,17,30,275,402,17,0.032,5.7,67.02,24,1020,N/A
2015,11,25,18,30,116,805,17,0.032,5.6000000000000005,66.12,24,1020,N/A
2015,11,25,19,30,236,100,17,0.032,5.6000000000000005,70.57000000000001,23,1020,N/A
2015,11,25,20,30,152,281,17,0.032,5.6000000000000005,71.97,23,1020,N/A
2015,11,25,21,30,67,416,17,0.032,5.300000000000001,77.22,22,1020,N/A
2015,11,25,22,30,0,0,17,0.032,4.9,82.41,21,1020,N/A
2015,11,25,23,30,0,0,17,0.032,4.6000000000000005,87.72,20,1020,N/A
2015,11,26,0,30,0,0,18,0.032,4.6000000000000005,94.2,19,1020,N/A
2015,11,26,1,30,0,0,18,0.032,4.5,94.94,19,1020,N/A
2015,11,26,2,30,0,0,18,0.032,4.5,100,19,1020,N/A
2015,11,26,3,30,0,0,18,0.032,4.5,100,18,1020,N/A
2015,11,26,4,30,0,0,18,0.032,4.5,100,18,1020,N/A
2015,11,26,5,30,0,0,18,0.032,4.6000000000000005,100,18,1020,N/A
2015,11,26,6,30,0,0,18,0.032,4.5,100,18,1020,N/A
2015,11,26,7,30,0,0,17,0.032,4.5,99.55,18,1020,N/A
2015,11,26,8,30,0,0,17,0.032,4.5,99.10000000000001,18,1020,N/A
2015,11,26,9,30,0,0,17,0.032,4.6000000000000005,99.09,18,1020,N/A
2015,11,26,10,30,0,0,17,0.032,4.7,99.46000000000001,18,1020,N/A
2015,11,26,11,30,0,0,17,0.032,4.9,99.84,18,1020,N/A
2015,11,26,12,30,36,167,18,0.032,5.1000000000000005,100,18,1020,N/A
2015,11,26,13,30,83,528,18,0.032,5.4,91.12,20,1020,N/A
2015,11,26,14,30,104,692,19,0.032,6.1000000000000005,84.23,22,1020,N/A
2015,11,26,15,30,106,798,19,0.032,6.6000000000000005,80.28,23,1020,N/A
2015,11,26,16,30,306,171,18,0.032,6.7,73.36,24,1020,N/A
2015,11,26,17,30,290,340,18,0.032,6.800000000000001,70.73,24,1020,N/A
2015,11,26,18,30,101,843,17,0.032,6.800000000000001,65.03,25,1020,N/A
2015,11,26,19,30,94,796,17,0.032,6.7,67.78,24,1020,N/A
2015,11,26,20,30,81,699,17,0.032,6.4,71.71000000000001,24,1020,N/A
2015,11,26,21,30,58,493,17,0.032,5.9,76.34,23,1020,N/A
2015,11,26,22,30,0,0,17,0.032,5.4,81.18,21,1020,N/A
2015,11,26,23,30,0,0,17,0.032,5,81.59,21,1020,N/A
2015,11,27,0,30,0,0,17,0.032,4.6000000000000005,88.07000000000001,20,1020,N/A
2015,11,27,1,30,0,0,18,0.032,4.4,89.65,20,1020,N/A
2015,11,27,2,30,0,0,18,0.032,4.4,96.97,19,1020,N/A
2015,11,27,3,30,0,0,18,0.032,4.2,98.08,19,1020,N/A
2015,11,27,4,30,0,0,18,0.032,3.9000000000000004,98.35000000000001,19,1020,N/A
2015,11,27,5,30,0,0,18,0.032,3.8000000000000003,100,18,1020,N/A
2015,11,27,6,30,0,0,18,0.032,3.9000000000000004,100,18,1020,N/A
2015,11,27,7,30,0,0,18,0.032,4.1000000000000005,100,18,1020,N/A
2015,11,27,8,30,0,0,18,0.032,4.3,100,18,1020,N/A
2015,11,27,9,30,0,0,18,0.032,4.1000000000000005,100,18,1020,N/A
2015,11,27,10,30,0,0,18,0.032,3.8000000000000003,100,18,1020,N/A
2015,11,27,11,30,0,0,18,0.032,3.8000000000000003,100,18,1020,N/A
2015,11,27,12,30,34,204,18,0.032,4.2,100,18,1020,N/A
2015,11,27,13,30,71,593,18,0.032,4.6000000000000005,93.04,20,1020,N/A
2015,11,27,14,30,85,763,19,0.032,5.1000000000000005,90.47,22,1020,N/A
2015,11,27,15,30,85,861,19,0.032,5.300000000000001,79.63,23,1020,N/A
2015,11,27,16,30,89,891,19,0.032,5,73.72,24,1020,N/A
2015,11,27,17,30,89,899,18,0.032,4.6000000000000005,72.79,24,1020,N/A
2015,11,27,18,30,84,888,18,0.032,4.4,67.91,25,1020,N/A
2015,11,27,19,30,79,843,18,0.032,4.4,71.44,25,1020,N/A
2015,11,27,20,30,69,752,18,0.032,4.2,71.10000000000001,24,1020,N/A
2015,11,27,21,30,51,545,18,0.032,3.9000000000000004,75.75,23,1020,N/A
2015,11,27,22,30,0,0,18,0.032,3.8000000000000003,79.42,22,1020,N/A
2015,11,27,23,30,0,0,17,0.032,3.8000000000000003,82.96000000000001,21,1020,N/A
2015,11,28,0,30,0,0,18,0.032,3.6,88.49,20,1020,N/A
2015,11,28,1,30,0,0,18,0.032,3.4000000000000004,95.08,19,1020,N/A
2015,11,28,2,30,0,0,18,0.032,3.3000000000000003,96.22,19,1020,N/A
2015,11,28,3,30,0,0,18,0.032,3.4000000000000004,100,19,1020,N/A
2015,11,28,4,30,0,0,18,0.032,3.3000000000000003,100,18,1020,N/A
2015,11,28,5,30,0,0,18,0.032,3.3000000000000003,100,18,1020,N/A
2015,11,28,6,30,0,0,18,0.032,3.4000000000000004,100,18,1020,N/A
2015,11,28,7,30,0,0,18,0.032,3.4000000000000004,100,18,1020,N/A
2015,11,28,8,30,0,0,18,0.032,3.4000000000000004,100,18,1020,N/A
2015,11,28,9,30,0,0,17,0.032,3.3000000000000003,100,17,1020,N/A
2015,11,28,10,30,0,0,17,0.032,3.3000000000000003,100,17,1020,N/A
2015,11,28,11,30,0,0,17,0.032,3.4000000000000004,100,17,1020,N/A
2015,11,28,12,30,26,354,17,0.032,3.7,99.9,18,1020,N/A
2015,11,28,13,30,53,696,18,0.032,4,96.05,19,1020,N/A
2015,11,28,14,30,66,828,18,0.032,4.2,86.82000000000001,21,1020,N/A
2015,11,28,15,30,81,872,18,0.032,4.2,80.12,22,1020,N/A
2015,11,28,16,30,87,899,18,0.032,3.8000000000000003,73.89,23,1020,N/A
2015,11,28,17,30,89,902,17,0.032,3.4000000000000004,68.89,24,1020,N/A
2015,11,28,18,30,88,883,17,0.032,3.1,68.60000000000001,24,1020,N/A
2015,11,28,19,30,83,834,17,0.032,2.9000000000000004,68.31,24,1010,N/A
2015,11,28,20,30,72,739,17,0.032,2.6,68.42,24,1010,N/A
2015,11,28,21,30,53,537,18,0.032,2.1,74.47,23,1010,N/A
2015,11,28,22,30,0,0,18,0.032,2,84.29,21,1010,N/A
2015,11,28,23,30,0,0,17,0.032,2.5,81.54,21,1020,N/A
2015,11,29,0,30,0,0,17,0.032,2.9000000000000004,86.29,20,1020,N/A
2015,11,29,1,30,0,0,17,0.032,3,92.26,19,1020,N/A
2015,11,29,2,30,0,0,17,0.032,2.9000000000000004,93.03,19,1020,N/A
2015,11,29,3,30,0,0,17,0.032,2.8000000000000003,99.7,18,1020,N/A
2015,11,29,4,30,0,0,18,0.032,2.7,100,18,1020,N/A
2015,11,29,5,30,0,0,17,0.032,2.7,100,18,1020,N/A
2015,11,29,6,30,0,0,17,0.032,2.8000000000000003,100,17,1020,N/A
2015,11,29,7,30,0,0,17,0.032,2.9000000000000004,100,17,1020,N/A
2015,11,29,8,30,0,0,17,0.032,3,100,17,1020,N/A
2015,11,29,9,30,0,0,17,0.032,3,100,17,1020,N/A
2015,11,29,10,30,0,0,17,0.032,2.9000000000000004,100,17,1020,N/A
2015,11,29,11,30,0,0,17,0.032,2.9000000000000004,100,17,1020,N/A
2015,11,29,12,30,25,346,17,0.032,3.2,99.28,18,1020,N/A
2015,11,29,13,30,53,690,18,0.032,3.5,90.22,20,1020,N/A
2015,11,29,14,30,66,821,18,0.032,3.5,87.4,21,1020,N/A
2015,11,29,15,30,78,873,18,0.032,3.5,82.49,22,1020,N/A
2015,11,29,16,30,84,896,18,0.032,3.3000000000000003,77.21000000000001,23,1020,N/A
2015,11,29,17,30,270,405,18,0.032,3.1,72.99,24,1010,N/A
2015,11,29,18,30,85,876,18,0.032,2.9000000000000004,73.53,24,1010,N/A
2015,11,29,19,30,80,828,19,0.032,2.8000000000000003,73.88,24,1010,N/A
2015,11,29,20,30,69,740,19,0.032,2.4000000000000004,74.24,24,1010,N/A
2015,11,29,21,30,50,542,19,0.032,1.8,80.35000000000001,23,1010,N/A
2015,11,29,22,30,0,0,19,0.032,1.6,91.32000000000001,22,1010,N/A
2015,11,29,23,30,0,0,19,0.032,1.9000000000000001,89.19,21,1010,N/A
2015,11,30,0,30,0,0,19,0.032,2.2,94.72,20,1010,N/A
2015,11,30,1,30,0,0,19,0.032,2.4000000000000004,95.04,20,1010,N/A
2015,11,30,2,30,0,0,19,0.032,2.4000000000000004,100,19,1010,N/A
2015,11,30,3,30,0,0,18,0.032,2.4000000000000004,100,19,1010,N/A
2015,11,30,4,30,0,0,18,0.032,2.4000000000000004,100,18,1010,N/A
2015,11,30,5,30,0,0,18,0.032,2.4000000000000004,100,18,1010,N/A
2015,11,30,6,30,0,0,18,0.032,2.6,100,18,1010,N/A
2015,11,30,7,30,0,0,18,0.032,2.8000000000000003,100,18,1010,N/A
2015,11,30,8,30,0,0,18,0.032,2.9000000000000004,100,18,1010,N/A
2015,11,30,9,30,0,0,18,0.032,3,100,18,1010,N/A
2015,11,30,10,30,0,0,18,0.032,3,100,18,1010,N/A
2015,11,30,11,30,0,0,18,0.032,3.1,100,18,1010,N/A
2015,11,30,12,30,26,303,18,0.032,3.4000000000000004,100,18,1010,N/A
2015,11,30,13,30,56,659,18,0.032,3.6,91.97,20,1010,N/A
2015,11,30,14,30,70,798,19,0.032,3.7,84.01,22,1010,N/A
2015,11,30,15,30,78,863,19,0.032,3.5,80.58,23,1010,N/A
2015,11,30,16,30,84,887,19,0.032,2.8000000000000003,77.66,24,1010,N/A
2015,11,30,17,30,87,887,20,0.032,2.2,74.52,25,1010,N/A
2015,11,30,18,30,89,859,20,0.032,1.9000000000000001,75.12,25,1010,N/A
2015,11,30,19,30,85,807,20,0.032,1.7000000000000002,75.04,25,1010,N/A
2015,11,30,20,30,74,710,20,0.032,1.4000000000000001,74.81,25,1010,N/A
2015,11,30,21,30,73,15,20,0.032,1,80.60000000000001,24,1010,N/A
2015,11,30,22,30,0,0,20,0.032,1,92.84,22,1010,N/A
2015,11,30,23,30,0,0,20,0.032,1.6,91.06,22,1010,N/A
2015,12,1,0,30,0,0,20,0.032,2.4000000000000004,90.97,22,1010,N/A
2015,12,1,1,30,0,0,20,0.032,3,97.39,21,1010,N/A
2015,12,1,2,30,0,0,20,0.032,3.2,98.24000000000001,21,1010,N/A
2015,12,1,3,30,0,0,20,0.032,3.2,100,20,1010,N/A
2015,12,1,4,30,0,0,20,0.032,3.1,100,20,1010,N/A
2015,12,1,5,30,0,0,20,0.032,2.9000000000000004,100,20,1010,N/A
2015,12,1,6,30,0,0,19,0.032,2.7,100,20,1010,N/A
2015,12,1,7,30,0,0,19,0.032,2.4000000000000004,100,19,1010,N/A
2015,12,1,8,30,0,0,19,0.032,2.2,100,19,1010,N/A
2015,12,1,9,30,0,0,19,0.032,2.1,100,19,1010,N/A
2015,12,1,10,30,0,0,19,0.032,1.9000000000000001,100,19,1010,N/A
2015,12,1,11,30,0,0,19,0.032,1.9000000000000001,100,19,1010,N/A
2015,12,1,12,30,27,50,20,0.032,2.4000000000000004,100,20,1010,N/A
2015,12,1,13,30,93,329,20,0.032,2.7,97.86,21,1010,N/A
2015,12,1,14,30,121,577,21,0.032,2.4000000000000004,89.39,23,1010,N/A
2015,12,1,15,30,215,421,21,0.032,2,86.10000000000001,24,1010,N/A
2015,12,1,16,30,261,395,21,0.032,1.6,81.73,25,1010,N/A
2015,12,1,17,30,291,316,21,0.032,1.4000000000000001,81.18,25,1010,N/A
2015,12,1,18,30,265,331,21,0.032,1.3,75.65,26,1010,N/A
2015,12,1,19,30,175,505,21,0.032,1.4000000000000001,74.87,26,1010,N/A
2015,12,1,20,30,145,312,21,0.032,1.3,74.44,26,1010,N/A
2015,12,1,21,30,54,502,21,0.032,1.1,79.49,25,1010,N/A
2015,12,1,22,30,0,0,21,0.032,0.9,89.66,23,1010,N/A
2015,12,1,23,30,0,0,20,0.032,1.1,86.81,23,1010,N/A
2015,12,2,0,30,0,0,20,0.032,1.3,92.26,23,1010,N/A
2015,12,2,1,30,0,0,20,0.032,1.6,93.03,22,1010,N/A
2015,12,2,2,30,0,0,21,0.032,1.8,94.44,22,1010,N/A
2015,12,2,3,30,0,0,21,0.032,2.1,100,22,1010,N/A
2015,12,2,4,30,0,0,21,0.032,2.4000000000000004,100,21,1010,N/A
2015,12,2,5,30,0,0,21,0.032,2.4000000000000004,100,21,1010,N/A
2015,12,2,6,30,0,0,21,0.032,2.3000000000000003,100,21,1010,N/A
2015,12,2,7,30,0,0,21,0.032,2.2,100,21,1010,N/A
2015,12,2,8,30,0,0,21,0.032,2.1,100,21,1010,N/A
2015,12,2,9,30,0,0,21,0.032,2.3000000000000003,100,21,1010,N/A
2015,12,2,10,30,0,0,21,0.032,2.4000000000000004,100,21,1010,N/A
2015,12,2,11,30,0,0,21,0.032,2.5,100,21,1010,N/A
2015,12,2,12,30,25,0,21,0.032,2.9000000000000004,100,21,1010,N/A
2015,12,2,13,30,105,72,22,0.032,3,100,22,1010,N/A
2015,12,2,14,30,170,324,22,0.032,2.8000000000000003,95.79,23,1010,N/A
2015,12,2,15,30,215,415,22,0.032,2.6,91.31,24,1010,N/A
2015,12,2,16,30,272,347,22,0.032,2.4000000000000004,91.96000000000001,24,1010,N/A
2015,12,2,17,30,297,279,22,0.032,2.3000000000000003,86.93,25,1010,N/A
2015,12,2,18,30,265,329,22,0.032,2.3000000000000003,86.94,25,1010,N/A
2015,12,2,19,30,234,162,22,0.032,2.2,86.84,25,1010,N/A
2015,12,2,20,30,148,287,22,0.032,1.9000000000000001,86.56,25,1010,N/A
2015,12,2,21,30,77,119,22,0.032,1.4000000000000001,91.65,24,1010,N/A
2015,12,2,22,30,0,0,22,0.032,0.9,98.19,23,1010,N/A
2015,12,2,23,30,0,0,22,0.032,0.8,100,23,1010,N/A
2015,12,3,0,30,0,0,22,0.033,0.7000000000000001,100,22,1010,N/A
2015,12,3,1,30,0,0,22,0.033,0.7000000000000001,100,22,1010,N/A
2015,12,3,2,30,0,0,22,0.033,0.7000000000000001,100,22,1010,N/A
2015,12,3,3,30,0,0,22,0.033,0.7000000000000001,100,22,1010,N/A
2015,12,3,4,30,0,0,22,0.033,0.7000000000000001,100,22,1010,N/A
2015,12,3,5,30,0,0,22,0.033,0.7000000000000001,100,22,1010,N/A
2015,12,3,6,30,0,0,22,0.033,0.8,100,22,1010,N/A
2015,12,3,7,30,0,0,21,0.033,1,100,21,1010,N/A
2015,12,3,8,30,0,0,21,0.033,1.4000000000000001,100,21,1010,N/A
2015,12,3,9,30,0,0,21,0.033,1.9000000000000001,100,21,1010,N/A
2015,12,3,10,30,0,0,20,0.033,2.5,100,20,1010,N/A
2015,12,3,11,30,0,0,20,0.033,3.2,100,20,1010,N/A
2015,12,3,12,30,10,0,19,0.033,4,99.56,20,1010,N/A
2015,12,3,13,30,72,0,19,0.033,4.5,95.65,20,1010,N/A
2015,12,3,14,30,121,0,18,0.033,4.4,92.24,21,1010,N/A
2015,12,3,15,30,246,253,18,0.033,3.9000000000000004,85.37,21,1010,N/A
2015,12,3,16,30,296,196,18,0.033,3.4000000000000004,80.19,22,1010,N/A
2015,12,3,17,30,287,324,18,0.033,3.3000000000000003,80.23,22,1010,N/A
2015,12,3,18,30,264,54,18,0.033,3.5,85.3,21,1010,N/A
2015,12,3,19,30,19,0,18,0.033,3.9000000000000004,85.10000000000001,21,1010,N/A
2015,12,3,20,30,61,0,18,0.033,4.1000000000000005,89.86,20,1010,N/A
2015,12,3,21,30,23,0,18,0.033,4,88.96000000000001,20,1010,N/A
2015,12,3,22,30,0,0,17,0.033,4.1000000000000005,93.62,19,1010,N/A
2015,12,3,23,30,0,0,17,0.033,4.3,92.53,19,1010,N/A
2015,12,4,0,30,0,0,17,0.033,4.3,97.22,19,1020,N/A
2015,12,4,1,30,0,0,17,0.033,4.3,95.38,18,1020,N/A
2015,12,4,2,30,0,0,16,0.033,4.5,93.01,18,1020,N/A
2015,12,4,3,30,0,0,16,0.033,4.9,96.3,17,1020,N/A
2015,12,4,4,30,0,0,16,0.033,4.6000000000000005,94.41,17,1020,N/A
2015,12,4,5,30,0,0,15,0.033,4.1000000000000005,99.3,17,1020,N/A
2015,12,4,6,30,0,0,15,0.033,4.6000000000000005,97.95,16,1020,N/A
2015,12,4,7,30,0,0,15,0.033,5.1000000000000005,98.3,16,1020,N/A
2015,12,4,8,30,0,0,16,0.033,5,94.4,17,1010,N/A
2015,12,4,9,30,0,0,16,0.033,4.1000000000000005,97.05,17,1010,N/A
2015,12,4,10,30,0,0,16,0.033,3.3000000000000003,99.05,17,1010,N/A
2015,12,4,11,30,0,0,17,0.033,2.9000000000000004,100,17,1020,N/A
2015,12,4,12,30,14,0,17,0.033,3.2,100,17,1020,N/A
2015,12,4,13,30,91,0,17,0.033,3.8000000000000003,99.9,18,1020,N/A
2015,12,4,14,30,162,354,18,0.033,4.1000000000000005,97.59,19,1020,N/A
2015,12,4,15,30,214,25,19,0.033,4.3,94.15,20,1020,N/A
2015,12,4,16,30,279,69,19,0.033,4.3,88.69,21,1020,N/A
2015,12,4,17,30,241,20,19,0.033,4.4,83.84,22,1020,N/A
2015,12,4,18,30,272,283,19,0.033,4.6000000000000005,79.39,23,1020,N/A
2015,12,4,19,30,224,71,19,0.033,4.7,79.5,23,1020,N/A
2015,12,4,20,30,79,0,19,0.033,4.7,84.21000000000001,23,1020,N/A
2015,12,4,21,30,59,442,19,0.033,4.7,83.74,22,1020,N/A
2015,12,4,22,30,0,0,18,0.033,4.9,87.55,21,1020,N/A
2015,12,4,23,30,0,0,18,0.033,5.1000000000000005,91.02,20,1020,N/A
2015,12,5,0,30,0,0,18,0.033,5.2,95.21000000000001,19,1020,N/A
2015,12,5,1,30,0,0,17,0.033,5.300000000000001,99.31,18,1020,N/A
2015,12,5,2,30,0,0,17,0.033,5.1000000000000005,97.12,18,1020,N/A
2015,12,5,3,30,0,0,17,0.033,5.2,100,18,1020,N/A
2015,12,5,4,30,0,0,16,0.033,5.300000000000001,99.93,17,1020,N/A
2015,12,5,5,30,0,0,16,0.033,5.300000000000001,99.23,17,1020,N/A
2015,12,5,6,30,0,0,17,0.033,5.300000000000001,100,18,1020,N/A
2015,12,5,7,30,0,0,17,0.033,5,95.99000000000001,18,1020,N/A
2015,12,5,8,30,0,0,17,0.033,4.7,100,18,1020,N/A
2015,12,5,9,30,0,0,17,0.033,4.6000000000000005,100,17,1020,N/A
2015,12,5,10,30,0,0,17,0.033,4.6000000000000005,100,17,1020,N/A
2015,12,5,11,30,0,0,17,0.033,4.6000000000000005,100,17,1020,N/A
2015,12,5,12,30,27,119,17,0.033,4.800000000000001,100,18,1020,N/A
2015,12,5,13,30,77,496,17,0.033,5.2,92.99,19,1020,N/A
2015,12,5,14,30,103,656,18,0.033,5.6000000000000005,86.03,21,1020,N/A
2015,12,5,15,30,249,118,19,0.033,5.7,83.76,22,1020,N/A
2015,12,5,16,30,122,786,19,0.033,5.4,80.09,23,1020,N/A
2015,12,5,17,30,122,799,19,0.033,5,76.10000000000001,24,1020,N/A
2015,12,5,18,30,114,794,19,0.033,4.800000000000001,72.02,25,1020,N/A
2015,12,5,19,30,107,741,19,0.033,4.7,76.3,25,1020,N/A
2015,12,5,20,30,92,637,19,0.033,4.7,76.27,24,1020,N/A
2015,12,5,21,30,64,419,19,0.033,4.9,80.77,23,1020,N/A
2015,12,5,22,30,0,0,19,0.033,5,84.93,22,1020,N/A
2015,12,5,23,30,0,0,19,0.033,5.1000000000000005,90.08,21,1020,N/A
2015,12,6,0,30,0,0,19,0.033,5.1000000000000005,96.15,20,1020,N/A
2015,12,6,1,30,0,0,19,0.033,5,96.24000000000001,20,1020,N/A
2015,12,6,2,30,0,0,19,0.033,4.9,100,19,1020,N/A
2015,12,6,3,30,0,0,19,0.033,4.800000000000001,100,19,1020,N/A
2015,12,6,4,30,0,0,18,0.033,4.800000000000001,98.97,19,1020,N/A
2015,12,6,5,30,0,0,18,0.033,4.9,97.56,19,1020,N/A
2015,12,6,6,30,0,0,18,0.033,5,96.65,19,1020,N/A
2015,12,6,7,30,0,0,18,0.033,4.9,96.16,19,1020,N/A
2015,12,6,8,30,0,0,18,0.033,4.800000000000001,95.63,19,1020,N/A
2015,12,6,9,30,0,0,18,0.033,4.9,100,19,1020,N/A
2015,12,6,10,30,0,0,18,0.033,4.800000000000001,100,18,1020,N/A
2015,12,6,11,30,0,0,18,0.033,4.7,100,18,1020,N/A
2015,12,6,12,30,26,113,18,0.033,4.800000000000001,100,18,1020,N/A
2015,12,6,13,30,86,346,18,0.033,5,94.96000000000001,19,1020,N/A
2015,12,6,14,30,141,456,18,0.033,5.1000000000000005,91.79,21,1020,N/A
2015,12,6,15,30,217,384,19,0.033,4.9,83.71000000000001,22,1020,N/A
2015,12,6,16,30,105,824,19,0.033,4.4,80.10000000000001,23,1020,N/A
2015,12,6,17,30,281,336,19,0.033,3.8000000000000003,76.27,24,1020,N/A
2015,12,6,18,30,249,383,19,0.033,3.4000000000000004,76.66,24,1020,N/A
2015,12,6,19,30,207,357,19,0.033,3,76.39,24,1020,N/A
2015,12,6,20,30,153,55,19,0.033,2.8000000000000003,81.38,24,1020,N/A
2015,12,6,21,30,73,223,19,0.033,2.8000000000000003,87.23,23,1020,N/A
2015,12,6,22,30,0,0,19,0.033,3.3000000000000003,85.05,22,1020,N/A
2015,12,6,23,30,0,0,18,0.033,4,88.27,21,1020,N/A
2015,12,7,0,30,0,0,18,0.033,4.3,93.56,20,1020,N/A
2015,12,7,1,30,0,0,18,0.033,4.4,99.7,20,1020,N/A
2015,12,7,2,30,0,0,18,0.033,4.2,99.29,19,1020,N/A
2015,12,7,3,30,0,0,18,0.033,4,100,19,1020,N/A
2015,12,7,4,30,0,0,18,0.033,3.8000000000000003,100,18,1020,N/A
2015,12,7,5,30,0,0,17,0.033,3.7,98.67,18,1020,N/A
2015,12,7,6,30,0,0,17,0.033,3.5,100,18,1020,N/A
2015,12,7,7,30,0,0,17,0.033,3.4000000000000004,100,17,1020,N/A
2015,12,7,8,30,0,0,16,0.033,3.4000000000000004,99.75,17,1020,N/A
2015,12,7,9,30,0,0,16,0.033,3.4000000000000004,98.61,17,1020,N/A
2015,12,7,10,30,0,0,16,0.033,3.4000000000000004,100,17,1020,N/A
2015,12,7,11,30,0,0,16,0.033,3.4000000000000004,100,16,1020,N/A
2015,12,7,12,30,22,217,16,0.033,3.7,100,16,1020,N/A
2015,12,7,13,30,57,613,16,0.033,4,94.91,17,1020,N/A
2015,12,7,14,30,166,307,16,0.033,4.1000000000000005,85.12,19,1020,N/A
2015,12,7,15,30,201,445,16,0.033,4.4,82.57000000000001,20,1020,N/A
2015,12,7,16,30,86,880,17,0.033,4.5,78.71000000000001,21,1020,N/A
2015,12,7,17,30,88,888,17,0.033,4.2,78.04,21,1010,N/A
2015,12,7,18,30,86,878,16,0.033,3.9000000000000004,71.83,22,1010,N/A
2015,12,7,19,30,82,833,16,0.033,3.6,70.26,22,1010,N/A
2015,12,7,20,30,72,741,16,0.033,3.3000000000000003,73.47,21,1010,N/A
2015,12,7,21,30,52,550,15,0.033,2.8000000000000003,77.28,20,1010,N/A
2015,12,7,22,30,0,0,15,0.033,2.6,80.97,19,1010,N/A
2015,12,7,23,30,0,0,15,0.033,3,78.18,19,1010,N/A
2015,12,8,0,30,0,0,14,0.033,3.5,82.63,18,1010,N/A
2015,12,8,1,30,0,0,14,0.033,3.5,81.78,18,1010,N/A
2015,12,8,2,30,0,0,14,0.033,3.3000000000000003,85.44,17,1020,N/A
2015,12,8,3,30,0,0,14,0.033,3,88.92,17,1010,N/A
2015,12,8,4,30,0,0,13,0.033,2.9000000000000004,86.48,16,1010,N/A
2015,12,8,5,30,0,0,13,0.033,2.9000000000000004,83.64,16,1010,N/A
2015,12,8,6,30,0,0,12,0.033,2.9000000000000004,87.14,15,1010,N/A
2015,12,8,7,30,0,0,12,0.033,3.1,86.26,15,1010,N/A
2015,12,8,8,30,0,0,12,0.033,3.4000000000000004,86.26,15,1010,N/A
2015,12,8,9,30,0,0,12,0.033,3.6,92.11,15,1010,N/A
2015,12,8,10,30,0,0,12,0.033,3.7,91.72,14,1010,N/A
2015,12,8,11,30,0,0,12,0.033,3.9000000000000004,90.62,14,1010,N/A
2015,12,8,12,30,20,282,12,0.033,4.3,89.21000000000001,14,1020,N/A
2015,12,8,13,30,54,674,12,0.033,4.6000000000000005,77.49,16,1020,N/A
2015,12,8,14,30,71,817,11,0.033,4.7,72.24,17,1020,N/A
2015,12,8,15,30,80,885,12,0.033,4.5,65.43,19,1020,N/A
2015,12,8,16,30,86,912,13,0.033,4,65.2,20,1010,N/A
2015,12,8,17,30,89,914,14,0.033,3.4000000000000004,64.7,21,1010,N/A
2015,12,8,18,30,87,895,14,0.033,2.8000000000000003,63.08,22,1010,N/A
2015,12,8,19,30,83,842,15,0.033,2.4000000000000004,64.78,22,1010,N/A
2015,12,8,20,30,74,739,15,0.033,2,66.9,22,1010,N/A
2015,12,8,21,30,56,517,16,0.033,1.8,73.88,21,1010,N/A
2015,12,8,22,30,0,0,16,0.033,1.9000000000000001,79.26,20,1010,N/A
2015,12,8,23,30,0,0,15,0.033,2.4000000000000004,81.4,19,1010,N/A
2015,12,9,0,30,0,0,15,0.033,3,82.16,19,1010,N/A
2015,12,9,1,30,0,0,16,0.033,3.4000000000000004,88.56,18,1010,N/A
2015,12,9,2,30,0,0,16,0.033,3.4000000000000004,95.2,17,1010,N/A
2015,12,9,3,30,0,0,16,0.033,3.4000000000000004,95.9,17,1010,N/A
2015,12,9,4,30,0,0,16,0.033,3.2,96.47,17,1010,N/A
2015,12,9,5,30,0,0,16,0.033,2.9000000000000004,100,17,1010,N/A
2015,12,9,6,30,0,0,16,0.033,2.7,100,16,1010,N/A
2015,12,9,7,30,0,0,16,0.033,2.6,100,16,1010,N/A
2015,12,9,8,30,0,0,16,0.033,2.6,100,16,1010,N/A
2015,12,9,9,30,0,0,16,0.033,2.5,100,17,1010,N/A
2015,12,9,10,30,0,0,16,0.033,2.5,100,17,1010,N/A
2015,12,9,11,30,0,0,16,0.033,2.6,100,17,1010,N/A
2015,12,9,12,30,11,0,16,0.033,2.9000000000000004,96.14,17,1010,N/A
2015,12,9,13,30,91,12,16,0.033,2.9000000000000004,92.08,18,1010,N/A
2015,12,9,14,30,172,238,17,0.033,2.7,83.99,20,1010,N/A
2015,12,9,15,30,237,267,17,0.033,2.6,82.34,21,1010,N/A
2015,12,9,16,30,251,404,18,0.033,2.4000000000000004,80.94,22,1010,N/A
2015,12,9,17,30,250,450,18,0.033,2.2,82.91,22,1010,N/A
2015,12,9,18,30,273,264,19,0.033,2.1,79,23,1010,N/A
2015,12,9,19,30,231,185,19,0.033,2.1,79.8,23,1010,N/A
2015,12,9,20,30,158,90,19,0.033,2.1,85.67,22,1010,N/A
2015,12,9,21,30,74,20,19,0.033,1.9000000000000001,91.97,21,1010,N/A
2015,12,9,22,30,0,0,19,0.033,1.9000000000000001,97.73,21,1010,N/A
2015,12,9,23,30,0,0,19,0.033,2.3000000000000003,96.26,20,1010,N/A
2015,12,10,0,30,0,0,19,0.033,2.7,95.7,20,1010,N/A
2015,12,10,1,30,0,0,19,0.033,2.8000000000000003,100,20,1010,N/A
2015,12,10,2,30,0,0,18,0.033,2.7,99.29,19,1010,N/A
2015,12,10,3,30,0,0,18,0.033,2.6,97.44,19,1010,N/A
2015,12,10,4,30,0,0,18,0.033,2.3000000000000003,100,19,1010,N/A
2015,12,10,5,30,0,0,18,0.033,2.1,100,18,1010,N/A
2015,12,10,6,30,0,0,17,0.033,1.9000000000000001,98.97,18,1010,N/A
2015,12,10,7,30,0,0,17,0.033,1.9000000000000001,97.98,18,1010,N/A
2015,12,10,8,30,0,0,17,0.033,2,97.36,18,1010,N/A
2015,12,10,9,30,0,0,17,0.033,2.1,100,18,1010,N/A
2015,12,10,10,30,0,0,17,0.033,2.2,100,17,1010,N/A
2015,12,10,11,30,0,0,17,0.033,2.4000000000000004,100,17,1010,N/A
2015,12,10,12,30,21,166,17,0.033,2.7,100,17,1010,N/A
2015,12,10,13,30,64,518,17,0.033,2.8000000000000003,97.32000000000001,18,1010,N/A
2015,12,10,14,30,137,457,17,0.033,2.6,87.16,20,1010,N/A
2015,12,10,15,30,225,331,17,0.033,2.3000000000000003,82.13,21,1010,N/A
2015,12,10,16,30,288,128,17,0.033,1.8,77.17,22,1010,N/A
2015,12,10,17,30,228,508,17,0.033,1.4000000000000001,76.91,23,1010,N/A
2015,12,10,18,30,272,267,17,0.033,1.5,72.04,23,1010,N/A
2015,12,10,19,30,227,229,17,0.033,1.7000000000000002,71.23,23,1010,N/A
2015,12,10,20,30,123,452,17,0.033,1.8,74.61,22,1010,N/A
2015,12,10,21,30,70,282,17,0.033,1.8,79.31,21,1010,N/A
2015,12,10,22,30,0,0,17,0.033,1.9000000000000001,84.25,20,1010,N/A
2015,12,10,23,30,0,0,16,0.033,2,85.67,19,1010,N/A
2015,12,11,0,30,0,0,16,0.031,2.1,83.67,19,1010,N/A
2015,12,11,1,30,0,0,15,0.031,2.2,82.11,19,1010,N/A
2015,12,11,2,30,0,0,15,0.031,2.2,85.99,18,1010,N/A
2015,12,11,3,30,0,0,15,0.031,2.1,84.28,18,1010,N/A
2015,12,11,4,30,0,0,15,0.031,2,88.13,18,1010,N/A
2015,12,11,5,30,0,0,14,0.031,2,87.59,17,1010,N/A
2015,12,11,6,30,0,0,14,0.031,2.2,87.46000000000001,17,1010,N/A
2015,12,11,7,30,0,0,14,0.031,2.4000000000000004,87.2,17,1010,N/A
2015,12,11,8,30,0,0,14,0.031,2.5,86.54,17,1010,N/A
2015,12,11,9,30,0,0,14,0.031,2.3000000000000003,91.18,16,1010,N/A
2015,12,11,10,30,0,0,14,0.031,2,89.96000000000001,16,1010,N/A
2015,12,11,11,30,0,0,14,0.031,1.9000000000000001,88.97,16,1010,N/A
2015,12,11,12,30,21,160,14,0.031,2.2,89.32000000000001,16,1010,N/A
2015,12,11,13,30,66,567,14,0.031,2.4000000000000004,80.7,18,1020,N/A
2015,12,11,14,30,86,742,15,0.031,2,73.62,20,1020,N/A
2015,12,11,15,30,95,831,15,0.031,1.7000000000000002,72.68,21,1020,N/A
2015,12,11,16,30,99,873,16,0.031,1.4000000000000001,70.44,22,1020,N/A
2015,12,11,17,30,99,886,16,0.031,1.4000000000000001,67.18,23,1010,N/A
2015,12,11,18,30,85,899,16,0.031,1.4000000000000001,64.66,24,1010,N/A
2015,12,11,19,30,79,858,17,0.031,1.3,65.26,24,1010,N/A
2015,12,11,20,30,69,772,17,0.031,1.2000000000000002,70.04,24,1010,N/A
2015,12,11,21,30,49,590,17,0.031,1,74.83,23,1010,N/A
2015,12,11,22,30,0,0,17,0.031,1.1,78.53,21,1010,N/A
2015,12,11,23,30,0,0,15,0.031,1.4000000000000001,77.7,20,1010,N/A
2015,12,12,0,30,0,0,15,0.031,1.7000000000000002,77.47,20,1010,N/A
2015,12,12,1,30,0,0,16,0.031,2,83.92,19,1020,N/A
2015,12,12,2,30,0,0,16,0.031,2.3000000000000003,86.77,19,1020,N/A
2015,12,12,3,30,0,0,17,0.031,2.4000000000000004,95.71000000000001,18,1020,N/A
2015,12,12,4,30,0,0,17,0.031,2.5,98.41,18,1020,N/A
2015,12,12,5,30,0,0,17,0.031,2.5,100,17,1020,N/A
2015,12,12,6,30,0,0,17,0.031,2.6,100,17,1020,N/A
2015,12,12,7,30,0,0,17,0.031,2.5,100,17,1020,N/A
2015,12,12,8,30,0,0,17,0.031,2.4000000000000004,100,17,1020,N/A
2015,12,12,9,30,0,0,17,0.031,2.4000000000000004,100,17,1020,N/A
2015,12,12,10,30,0,0,17,0.031,2.6,100,17,1020,N/A
2015,12,12,11,30,0,0,17,0.031,3,100,17,1020,N/A
2015,12,12,12,30,19,173,17,0.031,3.6,98.96000000000001,18,1020,N/A
2015,12,12,13,30,58,598,18,0.031,3.9000000000000004,90.04,20,1020,N/A
2015,12,12,14,30,72,776,19,0.031,3.8000000000000003,83.94,22,1020,N/A
2015,12,12,15,30,74,873,20,0.031,3.7,83.28,23,1020,N/A
2015,12,12,16,30,78,907,20,0.031,3.4000000000000004,79.58,24,1020,N/A
2015,12,12,17,30,79,912,20,0.031,3.2,74.45,25,1020,N/A
2015,12,12,18,30,81,888,19,0.031,3.2,69.53,26,1020,N/A
2015,12,12,19,30,77,840,19,0.031,3.2,69.21000000000001,26,1010,N/A
2015,12,12,20,30,152,255,19,0.031,3,73.54,25,1010,N/A
2015,12,12,21,30,78,118,20,0.031,2.6,78.96000000000001,24,1010,N/A
2015,12,12,22,30,0,0,19,0.031,2.5,87.72,23,1010,N/A
2015,12,12,23,30,0,0,19,0.031,2.8000000000000003,86.8,22,1020,N/A
2015,12,13,0,30,0,0,19,0.031,3,92.58,21,1020,N/A
2015,12,13,1,30,0,0,19,0.031,3.1,98.77,20,1020,N/A
2015,12,13,2,30,0,0,19,0.031,3.1,98.92,20,1020,N/A
2015,12,13,3,30,0,0,19,0.031,3,100,19,1020,N/A
2015,12,13,4,30,0,0,19,0.031,2.9000000000000004,100,19,1020,N/A
2015,12,13,5,30,0,0,18,0.031,2.8000000000000003,100,18,1020,N/A
2015,12,13,6,30,0,0,18,0.031,2.7,100,18,1020,N/A
2015,12,13,7,30,0,0,18,0.031,2.6,100,18,1010,N/A
2015,12,13,8,30,0,0,18,0.031,2.6,100,18,1010,N/A
2015,12,13,9,30,0,0,18,0.031,2.6,100,18,1010,N/A
2015,12,13,10,30,0,0,18,0.031,2.7,100,18,1010,N/A
2015,12,13,11,30,0,0,18,0.031,2.9000000000000004,100,18,1010,N/A
2015,12,13,12,30,19,175,18,0.031,3.3000000000000003,99.92,19,1010,N/A
2015,12,13,13,30,57,606,19,0.031,3.6,96.14,20,1010,N/A
2015,12,13,14,30,75,767,19,0.031,3.8000000000000003,86.96000000000001,22,1010,N/A
2015,12,13,15,30,82,849,19,0.031,4,82.08,24,1010,N/A
2015,12,13,16,30,90,876,19,0.031,4.1000000000000005,76.96000000000001,25,1010,N/A
2015,12,13,17,30,93,876,19,0.031,4.2,72.49,25,1010,N/A
2015,12,13,18,30,232,444,19,0.031,4.2,73.12,26,1010,N/A
2015,12,13,19,30,88,799,20,0.031,4.1000000000000005,74.38,25,1010,N/A
2015,12,13,20,30,109,0,20,0.031,3.9000000000000004,76.27,25,1010,N/A
2015,12,13,21,30,57,482,20,0.031,3.4000000000000004,82.82000000000001,24,1010,N/A
2015,12,13,22,30,0,0,21,0.031,3.3000000000000003,88.68,23,1010,N/A
2015,12,13,23,30,0,0,21,0.031,3.6,95,22,1010,N/A
2015,12,14,0,30,0,0,21,0.031,3.8000000000000003,95.93,22,1010,N/A
2015,12,14,1,30,0,0,21,0.031,3.7,96.62,22,1010,N/A
2015,12,14,2,30,0,0,21,0.031,3.6,100,21,1010,N/A
2015,12,14,3,30,0,0,21,0.031,3.5,100,21,1010,N/A
2015,12,14,4,30,0,0,21,0.031,3.2,100,21,1010,N/A
2015,12,14,5,30,0,0,21,0.031,2.9000000000000004,100,21,1010,N/A
2015,12,14,6,30,0,0,21,0.031,2.7,100,21,1010,N/A
2015,12,14,7,30,0,0,21,0.031,2.6,100,21,1010,N/A
2015,12,14,8,30,0,0,21,0.031,2.7,100,21,1010,N/A
2015,12,14,9,30,0,0,21,0.031,2.9000000000000004,100,21,1010,N/A
2015,12,14,10,30,0,0,21,0.031,3,100,21,1010,N/A
2015,12,14,11,30,0,0,21,0.031,3.1,100,21,1010,N/A
2015,12,14,12,30,11,0,21,0.031,3.2,100,21,1010,N/A
2015,12,14,13,30,87,15,21,0.031,3.6,99.66,22,1010,N/A
2015,12,14,14,30,167,242,22,0.031,4.1000000000000005,97.28,23,1010,N/A
2015,12,14,15,30,217,351,22,0.031,4.4,91.13,24,1010,N/A
2015,12,14,16,30,250,394,22,0.031,4.5,84.24,25,1010,N/A
2015,12,14,17,30,237,481,21,0.031,4.5,83.24,25,1010,N/A
2015,12,14,18,30,247,385,21,0.031,4.4,82.83,25,1010,N/A
2015,12,14,19,30,85,807,21,0.031,4.1000000000000005,82.85000000000001,25,1010,N/A
2015,12,14,20,30,74,720,21,0.031,3.7,88.05,24,1010,N/A
2015,12,14,21,30,79,127,22,0.031,2.7,94.15,23,1010,N/A
2015,12,14,22,30,0,0,22,0.031,1.7000000000000002,100,22,1010,N/A
2015,12,14,23,30,0,0,21,0.031,1.5,100,22,1010,N/A
2015,12,15,0,30,0,0,21,0.031,1.5,100,21,1010,N/A
2015,12,15,1,30,0,0,21,0.031,1.7000000000000002,100,21,1010,N/A
2015,12,15,2,30,0,0,21,0.031,1.8,100,21,1010,N/A
2015,12,15,3,30,0,0,21,0.031,2,100,21,1010,N/A
2015,12,15,4,30,0,0,21,0.031,2.1,100,21,1010,N/A
2015,12,15,5,30,0,0,21,0.031,2.1,100,21,1010,N/A
2015,12,15,6,30,0,0,21,0.031,2,100,21,1010,N/A
2015,12,15,7,30,0,0,21,0.031,1.9000000000000001,100,21,1010,N/A
2015,12,15,8,30,0,0,21,0.031,1.8,100,21,1010,N/A
2015,12,15,9,30,0,0,20,0.031,1.7000000000000002,100,21,1010,N/A
2015,12,15,10,30,0,0,20,0.031,1.7000000000000002,100,21,1010,N/A
2015,12,15,11,30,0,0,20,0.031,1.7000000000000002,100,21,1010,N/A
2015,12,15,12,30,8,0,21,0.031,2.2,100,21,1010,N/A
2015,12,15,13,30,67,0,22,0.031,2.7,100,22,1010,N/A
2015,12,15,14,30,127,0,22,0.031,2.8000000000000003,97.75,23,1010,N/A
2015,12,15,15,30,197,17,22,0.031,2.7,91.35000000000001,24,1010,N/A
2015,12,15,16,30,239,27,22,0.031,2.5,85.43,25,1010,N/A
2015,12,15,17,30,210,9,22,0.031,2.4000000000000004,84.96000000000001,25,1010,N/A
2015,12,15,18,30,264,63,22,0.031,2.2,84.44,26,1010,N/A
2015,12,15,19,30,190,434,22,0.031,1.9000000000000001,84.16,25,1010,N/A
2015,12,15,20,30,142,343,22,0.031,1.6,83.87,25,1010,N/A
2015,12,15,21,30,80,174,22,0.031,1.1,89,24,1010,N/A
2015,12,15,22,30,0,0,22,0.031,0.7000000000000001,95.43,23,1010,N/A
2015,12,15,23,30,0,0,21,0.031,0.6000000000000001,93.13,23,1010,N/A
2015,12,16,0,30,0,0,21,0.031,0.5,98.81,23,1010,N/A
2015,12,16,1,30,0,0,21,0.031,0.5,98.54,22,1010,N/A
2015,12,16,2,30,0,0,21,0.031,0.6000000000000001,100,21,1010,N/A
2015,12,16,3,30,0,0,21,0.031,0.8,100,21,1010,N/A
2015,12,16,4,30,0,0,21,0.031,1,100,21,1010,N/A
2015,12,16,5,30,0,0,20,0.031,1.2000000000000002,100,20,1010,N/A
2015,12,16,6,30,0,0,20,0.031,1.4000000000000001,100,20,1010,N/A
2015,12,16,7,30,0,0,20,0.031,1.5,100,20,1010,N/A
2015,12,16,8,30,0,0,20,0.031,1.5,100,20,1010,N/A
2015,12,16,9,30,0,0,19,0.031,1.5,100,20,1010,N/A
2015,12,16,10,30,0,0,19,0.031,1.5,100,19,1010,N/A
2015,12,16,11,30,0,0,19,0.031,1.6,100,19,1010,N/A
2015,12,16,12,30,6,0,19,0.031,1.9000000000000001,99.97,20,1010,N/A
2015,12,16,13,30,91,131,20,0.031,2.1,91.73,22,1010,N/A
2015,12,16,14,30,135,442,21,0.031,2,88.75,24,1010,N/A
2015,12,16,15,30,82,811,21,0.031,1.8,80.28,25,1010,N/A
2015,12,16,16,30,88,843,21,0.031,1.6,76.72,26,1010,N/A
2015,12,16,17,30,292,122,21,0.031,1.5,76.58,26,1010,N/A
2015,12,16,18,30,245,392,21,0.031,1.5,76.39,27,1010,N/A
2015,12,16,19,30,86,785,21,0.031,1.4000000000000001,76.17,26,1010,N/A
2015,12,16,20,30,75,695,21,0.031,1.2000000000000002,76.21000000000001,26,1010,N/A
2015,12,16,21,30,53,507,21,0.031,1,81.48,25,1010,N/A
2015,12,16,22,30,0,0,21,0.031,0.8,86.9,24,1010,N/A
2015,12,16,23,30,0,0,21,0.031,0.8,90.64,23,1010,N/A
2015,12,17,0,30,0,0,21,0.031,0.7000000000000001,90.88,23,1010,N/A
2015,12,17,1,30,0,0,21,0.031,0.6000000000000001,96.46000000000001,23,1010,N/A
2015,12,17,2,30,0,0,21,0.031,0.30000000000000004,96.03,23,1010,N/A
2015,12,17,3,30,0,0,21,0.031,0.4,94.95,22,1010,N/A
2015,12,17,4,30,0,0,21,0.031,0.9,100,21,1010,N/A
2015,12,17,5,30,0,0,21,0.031,1.2000000000000002,100,21,1010,N/A
2015,12,17,6,30,0,0,20,0.031,1.5,100,20,1010,N/A
2015,12,17,7,30,0,0,20,0.031,1.7000000000000002,100,20,1010,N/A
2015,12,17,8,30,0,0,20,0.031,1.9000000000000001,100,20,1010,N/A
2015,12,17,9,30,0,0,20,0.031,2,100,20,1010,N/A
2015,12,17,10,30,0,0,20,0.031,2.1,100,20,1010,N/A
2015,12,17,11,30,0,0,20,0.031,2.2,100,20,1010,N/A
2015,12,17,12,30,15,159,21,0.031,2.8000000000000003,100,21,1010,N/A
2015,12,17,13,30,52,579,22,0.031,3.5,100,22,1010,N/A
2015,12,17,14,30,71,733,22,0.031,3.9000000000000004,97.29,23,1010,N/A
2015,12,17,15,30,225,299,22,0.031,4.1000000000000005,91.60000000000001,24,1010,N/A
2015,12,17,16,30,268,305,22,0.031,4.2,85.97,25,1010,N/A
2015,12,17,17,30,238,478,22,0.031,4.3,81,26,1010,N/A
2015,12,17,18,30,99,811,22,0.031,4.1000000000000005,80.8,26,1010,N/A
2015,12,17,19,30,93,766,22,0.031,3.9000000000000004,85.48,26,1010,N/A
2015,12,17,20,30,151,276,22,0.031,3.5,85.4,25,1010,N/A
2015,12,17,21,30,81,105,22,0.031,2.7,91.09,24,1010,N/A
2015,12,17,22,30,0,0,22,0.031,2,97.78,23,1010,N/A
2015,12,17,23,30,0,0,22,0.031,2.1,100,23,1010,N/A
2015,12,18,0,30,0,0,22,0.031,2.3000000000000003,100,23,1010,N/A
2015,12,18,1,30,0,0,22,0.031,2.5,100,22,1010,N/A
2015,12,18,2,30,0,0,22,0.031,2.8000000000000003,100,22,1010,N/A
2015,12,18,3,30,0,0,22,0.031,2.9000000000000004,100,22,1010,N/A
2015,12,18,4,30,0,0,22,0.031,2.9000000000000004,100,22,1010,N/A
2015,12,18,5,30,0,0,22,0.031,3.1,100,22,1010,N/A
2015,12,18,6,30,0,0,22,0.031,3.2,100,22,1010,N/A
2015,12,18,7,30,0,0,22,0.031,3.2,100,22,1010,N/A
2015,12,18,8,30,0,0,22,0.031,3.1,100,22,1010,N/A
2015,12,18,9,30,0,0,22,0.031,2.9000000000000004,100,22,1010,N/A
2015,12,18,10,30,0,0,22,0.031,2.4000000000000004,100,22,1010,N/A
2015,12,18,11,30,0,0,22,0.031,2.1,100,22,1010,N/A
2015,12,18,12,30,0,0,22,0.031,2.9000000000000004,100,22,1010,N/A
2015,12,18,13,30,6,0,22,0.031,4.7,100,22,1010,N/A
2015,12,18,14,30,96,0,20,0.031,6.1000000000000005,97.98,21,1010,N/A
2015,12,18,15,30,184,9,18,0.031,6.4,89.91,21,1010,N/A
2015,12,18,16,30,187,4,16,0.031,6.2,79.13,21,1010,N/A
2015,12,18,17,30,299,186,14,0.031,6.1000000000000005,72.39,21,1010,N/A
2015,12,18,18,30,234,436,13,0.031,6,66.58,20,1010,N/A
2015,12,18,19,30,233,157,12,0.031,5.9,65.17,19,1010,N/A
2015,12,18,20,30,161,166,11,0.031,5.6000000000000005,65.08,19,1010,N/A
2015,12,18,21,30,5,0,10,0.031,5.2,66.62,18,1010,N/A
2015,12,18,22,30,0,0,10,0.031,4.9,65.11,17,1020,N/A
2015,12,18,23,30,0,0,10,0.031,4.800000000000001,68.12,16,1020,N/A
2015,12,19,0,30,0,0,9,0.029,4.9,70.99,15,1020,N/A
2015,12,19,1,30,0,0,9,0.029,5.1000000000000005,73.58,14,1020,N/A
2015,12,19,2,30,0,0,8,0.029,5.2,75.84,14,1020,N/A
2015,12,19,3,30,0,0,8,0.029,5.1000000000000005,73.18,13,1020,N/A
2015,12,19,4,30,0,0,7,0.029,5.1000000000000005,76.14,12,1020,N/A
2015,12,19,5,30,0,0,7,0.029,5.1000000000000005,75.09,12,1020,N/A
2015,12,19,6,30,0,0,7,0.029,5.300000000000001,74.56,12,1020,N/A
2015,12,19,7,30,0,0,7,0.029,5.4,74.10000000000001,12,1020,N/A
2015,12,19,8,30,0,0,7,0.029,5.5,78.32000000000001,11,1020,N/A
2015,12,19,9,30,0,0,7,0.029,5.4,82.11,11,1020,N/A
2015,12,19,10,30,0,0,6,0.029,5.4,80.36,10,1020,N/A
2015,12,19,11,30,0,0,6,0.029,5.300000000000001,84.13,9,1020,N/A
2015,12,19,12,30,15,272,6,0.029,5.5,82.95,9,1020,N/A
2015,12,19,13,30,60,495,6,0.029,5.800000000000001,76.39,10,1020,N/A
2015,12,19,14,30,63,870,6,0.029,5.6000000000000005,72.34,12,1030,N/A
2015,12,19,15,30,196,428,7,0.029,5.6000000000000005,67.87,13,1030,N/A
2015,12,19,16,30,78,962,8,0.029,5.5,64.9,15,1020,N/A
2015,12,19,17,30,80,967,9,0.029,5.4,64.48,16,1020,N/A
2015,12,19,18,30,82,941,9,0.029,5.2,62.45,17,1020,N/A
2015,12,19,19,30,77,900,10,0.029,5.1000000000000005,59.94,18,1020,N/A
2015,12,19,20,30,67,817,10,0.029,4.9,61.160000000000004,19,1020,N/A
2015,12,19,21,30,49,639,10,0.029,4.4,66.37,18,1020,N/A
2015,12,19,22,30,0,0,10,0.029,4.2,70.72,16,1020,N/A
2015,12,19,23,30,0,0,10,0.029,4.6000000000000005,74.32000000000001,15,1020,N/A
2015,12,20,0,30,0,0,10,0.029,4.800000000000001,78.05,14,1020,N/A
2015,12,20,1,30,0,0,10,0.029,4.800000000000001,82.13,13,1030,N/A
2015,12,20,2,30,0,0,9,0.029,4.7,86.82000000000001,12,1030,N/A
2015,12,20,3,30,0,0,9,0.029,4.6000000000000005,85.66,12,1030,N/A
2015,12,20,4,30,0,0,9,0.029,4.6000000000000005,89.87,11,1030,N/A
2015,12,20,5,30,0,0,9,0.029,4.6000000000000005,88.27,11,1020,N/A
2015,12,20,6,30,0,0,8,0.029,4.7,87.18,11,1020,N/A
2015,12,20,7,30,0,0,8,0.029,4.6000000000000005,87.03,11,1020,N/A
2015,12,20,8,30,0,0,8,0.029,4.5,93.21000000000001,11,1020,N/A
2015,12,20,9,30,0,0,9,0.029,4.4,94.55,11,1020,N/A
2015,12,20,10,30,0,0,9,0.029,4.4,96.72,11,1020,N/A
2015,12,20,11,30,0,0,9,0.029,4.4,98.71000000000001,11,1020,N/A
2015,12,20,12,30,16,107,10,0.029,4.5,94.55,11,1020,N/A
2015,12,20,13,30,59,585,10,0.029,4.5,87.59,13,1020,N/A
2015,12,20,14,30,78,770,12,0.029,4.5,82.4,15,1020,N/A
2015,12,20,15,30,85,862,13,0.029,4.7,75.79,18,1020,N/A
2015,12,20,16,30,93,891,14,0.029,4.6000000000000005,71.17,21,1020,N/A
2015,12,20,17,30,97,893,15,0.029,4.4,68.95,22,1020,N/A
2015,12,20,18,30,98,871,15,0.029,4.4,66.85,22,1020,N/A
2015,12,20,19,30,91,828,15,0.029,4.5,64.05,23,1020,N/A
2015,12,20,20,30,80,737,16,0.029,4.2,68.83,22,1020,N/A
2015,12,20,21,30,81,48,16,0.029,3.6,74.15,21,1020,N/A
2015,12,20,22,30,11,42,16,0.029,3.7,77.83,20,1020,N/A
2015,12,20,23,30,0,0,15,0.029,4.3,81.64,20,1020,N/A
2015,12,21,0,30,0,0,15,0.029,4.5,81.64,19,1020,N/A
2015,12,21,1,30,0,0,15,0.029,4.2,87.23,18,1020,N/A
2015,12,21,2,30,0,0,15,0.029,4,87.61,18,1020,N/A
2015,12,21,3,30,0,0,15,0.029,4,93.67,18,1020,N/A
2015,12,21,4,30,0,0,16,0.029,3.9000000000000004,94.24,17,1020,N/A
2015,12,21,5,30,0,0,16,0.029,3.7,95.18,17,1020,N/A
2015,12,21,6,30,0,0,16,0.029,3.4000000000000004,96.56,17,1020,N/A
2015,12,21,7,30,0,0,16,0.029,3.1,100,16,1020,N/A
2015,12,21,8,30,0,0,16,0.029,3,100,16,1020,N/A
2015,12,21,9,30,0,0,16,0.029,2.9000000000000004,100,16,1020,N/A
2015,12,21,10,30,0,0,16,0.029,2.9000000000000004,100,17,1020,N/A
2015,12,21,11,30,0,0,17,0.029,3.3000000000000003,100,17,1020,N/A
2015,12,21,12,30,14,85,17,0.029,4,98.53,18,1020,N/A
2015,12,21,13,30,57,544,18,0.029,4.3,90.23,20,1020,N/A
2015,12,21,14,30,77,725,18,0.029,4.2,83.05,22,1020,N/A
2015,12,21,15,30,217,328,19,0.029,4,81.46000000000001,23,1020,N/A
2015,12,21,16,30,241,416,20,0.029,3.6,79.17,24,1020,N/A
2015,12,21,17,30,263,389,20,0.029,3.3000000000000003,76.11,25,1020,N/A
2015,12,21,18,30,266,301,20,0.029,3,76.96000000000001,25,1020,N/A
2015,12,21,19,30,204,378,20,0.029,2.7,77.36,25,1020,N/A
2015,12,21,20,30,145,339,20,0.029,2.3000000000000003,82.92,24,1010,N/A
2015,12,21,21,30,73,333,21,0.029,2.1,89.47,23,1010,N/A
2015,12,21,22,30,9,0,20,0.029,2.6,87.98,23,1020,N/A
2015,12,21,23,30,0,0,20,0.029,3.2,93.15,23,1020,N/A
2015,12,22,0,30,0,0,21,0.029,3.6,94.4,22,1020,N/A
2015,12,22,1,30,0,0,21,0.029,3.6,100,22,1020,N/A
2015,12,22,2,30,0,0,21,0.029,3.5,100,21,1020,N/A
2015,12,22,3,30,0,0,21,0.029,3.2,100,21,1010,N/A
2015,12,22,4,30,0,0,21,0.029,3,100,21,1010,N/A
2015,12,22,5,30,0,0,21,0.029,3,100,21,1010,N/A
2015,12,22,6,30,0,0,21,0.029,2.9000000000000004,100,21,1010,N/A
2015,12,22,7,30,0,0,20,0.029,2.7,100,21,1010,N/A
2015,12,22,8,30,0,0,20,0.029,2.5,100,20,1010,N/A
2015,12,22,9,30,0,0,20,0.029,2.3000000000000003,100,20,1010,N/A
2015,12,22,10,30,0,0,20,0.029,2.1,100,20,1010,N/A
2015,12,22,11,30,0,0,20,0.029,2.1,100,20,1010,N/A
2015,12,22,12,30,8,0,20,0.029,2.5,100,20,1010,N/A
2015,12,22,13,30,86,150,21,0.029,3.2,100,21,1010,N/A
2015,12,22,14,30,145,359,21,0.029,3.7,96.9,23,1010,N/A
2015,12,22,15,30,196,427,21,0.029,3.9000000000000004,90.63,24,1010,N/A
2015,12,22,16,30,264,320,21,0.029,3.7,84.92,24,1010,N/A
2015,12,22,17,30,254,423,21,0.029,3.4000000000000004,85.01,24,1010,N/A
2015,12,22,18,30,270,283,21,0.029,3.2,85.48,24,1010,N/A
2015,12,22,19,30,235,148,21,0.029,2.8000000000000003,85.81,24,1010,N/A
2015,12,22,20,30,146,333,21,0.029,2.1,91.71000000000001,23,1010,N/A
2015,12,22,21,30,83,144,21,0.029,1.5,98.8,22,1010,N/A
2015,12,22,22,30,8,0,21,0.029,1.2000000000000002,97.68,22,1010,N/A
2015,12,22,23,30,0,0,21,0.029,1.2000000000000002,97.03,22,1010,N/A
2015,12,23,0,30,0,0,21,0.029,1.4000000000000001,96.89,22,1010,N/A
2015,12,23,1,30,0,0,21,0.029,1.7000000000000002,100,21,1010,N/A
2015,12,23,2,30,0,0,21,0.029,2,100,21,1010,N/A
2015,12,23,3,30,0,0,21,0.029,2.5,100,21,1010,N/A
2015,12,23,4,30,0,0,21,0.029,2.8000000000000003,100,21,1010,N/A
2015,12,23,5,30,0,0,21,0.029,2.9000000000000004,100,21,1010,N/A
2015,12,23,6,30,0,0,21,0.029,2.9000000000000004,100,21,1010,N/A
2015,12,23,7,30,0,0,21,0.029,2.9000000000000004,100,21,1010,N/A
2015,12,23,8,30,0,0,21,0.029,3.2,100,21,1010,N/A
2015,12,23,9,30,0,0,21,0.029,3.6,100,21,1010,N/A
2015,12,23,10,30,0,0,21,0.029,3.8000000000000003,100,21,1010,N/A
2015,12,23,11,30,0,0,21,0.029,3.7,100,21,1010,N/A
2015,12,23,12,30,3,0,21,0.029,3.7,100,21,1010,N/A
2015,12,23,13,30,23,0,22,0.029,3.7,100,22,1010,N/A
2015,12,23,14,30,45,0,22,0.029,3.9000000000000004,99.13,23,1010,N/A
2015,12,23,15,30,94,0,23,0.029,4.3,94.89,24,1010,N/A
2015,12,23,16,30,87,0,22,0.029,4.3,87.85000000000001,25,1010,N/A
2015,12,23,17,30,136,0,22,0.029,4,86.87,25,1010,N/A
2015,12,23,18,30,120,0,22,0.029,3.5,91.60000000000001,25,1010,N/A
2015,12,23,19,30,193,436,22,0.029,3,91.95,24,1010,N/A
2015,12,23,20,30,157,261,22,0.029,2.3000000000000003,92.78,24,1010,N/A
2015,12,23,21,30,83,58,22,0.029,1.8,99.62,23,1010,N/A
2015,12,23,22,30,7,0,22,0.029,1.7000000000000002,100,23,1010,N/A
2015,12,23,23,30,0,0,22,0.029,1.9000000000000001,100,22,1010,N/A
2015,12,24,0,30,0,0,22,0.029,2.3000000000000003,100,22,1010,N/A
2015,12,24,1,30,0,0,22,0.029,2.7,100,22,1010,N/A
2015,12,24,2,30,0,0,22,0.029,3,100,22,1010,N/A
2015,12,24,3,30,0,0,22,0.029,3.3000000000000003,100,22,1010,N/A
2015,12,24,4,30,0,0,21,0.029,3.3000000000000003,100,22,1010,N/A
2015,12,24,5,30,0,0,21,0.029,3.2,100,21,1010,N/A
2015,12,24,6,30,0,0,21,0.029,3,100,21,1010,N/A
2015,12,24,7,30,0,0,21,0.029,2.8000000000000003,100,21,1010,N/A
2015,12,24,8,30,0,0,21,0.029,2.6,100,21,1010,N/A
2015,12,24,9,30,0,0,21,0.029,2.4000000000000004,100,21,1010,N/A
2015,12,24,10,30,0,0,21,0.029,2.3000000000000003,100,21,1010,N/A
2015,12,24,11,30,0,0,21,0.029,2.4000000000000004,100,21,1010,N/A
2015,12,24,12,30,7,0,21,0.029,2.8000000000000003,100,21,1020,N/A
2015,12,24,13,30,83,32,21,0.029,3.1,99.52,22,1020,N/A
2015,12,24,14,30,142,372,22,0.029,3.1,94.97,23,1020,N/A
2015,12,24,15,30,216,329,22,0.029,3.1,89.57000000000001,24,1020,N/A
2015,12,24,16,30,249,383,22,0.029,2.8000000000000003,84.17,25,1020,N/A
2015,12,24,17,30,298,201,22,0.029,2.5,78.83,26,1020,N/A
2015,12,24,18,30,262,323,21,0.029,2,78.02,26,1020,N/A
2015,12,24,19,30,234,192,21,0.029,1.8,77.24,26,1010,N/A
2015,12,24,20,30,165,168,21,0.029,1.4000000000000001,81.75,26,1010,N/A
2015,12,24,21,30,84,161,22,0.029,1,88.93,25,1020,N/A
2015,12,24,22,30,9,0,21,0.029,0.9,87.59,24,1020,N/A
2015,12,24,23,30,0,0,21,0.029,1.1,90.5,23,1020,N/A
2015,12,25,0,30,0,0,21,0.029,1.4000000000000001,90.56,23,1020,N/A
2015,12,25,1,30,0,0,21,0.029,1.8,96.94,22,1020,N/A
2015,12,25,2,30,0,0,21,0.029,2.3000000000000003,98.56,22,1020,N/A
2015,12,25,3,30,0,0,22,0.029,2.7,100,22,1020,N/A
2015,12,25,4,30,0,0,22,0.029,2.9000000000000004,100,22,1020,N/A
2015,12,25,5,30,0,0,21,0.029,3,100,21,1020,N/A
2015,12,25,6,30,0,0,21,0.029,2.8000000000000003,100,21,1020,N/A
2015,12,25,7,30,0,0,21,0.029,2.4000000000000004,100,21,1020,N/A
2015,12,25,8,30,0,0,20,0.029,2,100,20,1020,N/A
2015,12,25,9,30,0,0,20,0.029,1.9000000000000001,100,20,1020,N/A
2015,12,25,10,30,0,0,20,0.029,1.9000000000000001,100,20,1020,N/A
2015,12,25,11,30,0,0,20,0.029,2.1,100,20,1020,N/A
2015,12,25,12,30,12,111,21,0.029,2.6,100,21,1020,N/A
2015,12,25,13,30,50,584,21,0.029,3,97.27,22,1020,N/A
2015,12,25,14,30,165,149,21,0.029,2.9000000000000004,93.56,23,1020,N/A
2015,12,25,15,30,73,842,22,0.029,2.8000000000000003,88.81,24,1020,N/A
2015,12,25,16,30,76,882,22,0.029,2.6,83.84,25,1020,N/A
2015,12,25,17,30,77,894,22,0.029,2.4000000000000004,79.07000000000001,26,1020,N/A
2015,12,25,18,30,281,207,22,0.029,2.2,79.03,27,1020,N/A
2015,12,25,19,30,207,373,22,0.029,1.9000000000000001,74.44,27,1020,N/A
2015,12,25,20,30,67,746,22,0.029,1.5,78.71000000000001,26,1020,N/A
2015,12,25,21,30,84,179,22,0.029,1,83.98,25,1020,N/A
2015,12,25,22,30,12,108,22,0.029,0.9,89.44,25,1020,N/A
2015,12,25,23,30,0,0,21,0.029,1.2000000000000002,86.99,24,1020,N/A
2015,12,26,0,30,0,0,21,0.029,1.6,86.78,24,1020,N/A
2015,12,26,1,30,0,0,21,0.029,2,92.32000000000001,23,1020,N/A
2015,12,26,2,30,0,0,21,0.029,2.4000000000000004,92.85000000000001,23,1020,N/A
2015,12,26,3,30,0,0,21,0.029,2.5,99.29,22,1020,N/A
2015,12,26,4,30,0,0,21,0.029,2.5,99.66,22,1020,N/A
2015,12,26,5,30,0,0,21,0.029,2.5,100,21,1020,N/A
2015,12,26,6,30,0,0,21,0.029,2.5,100,21,1020,N/A
2015,12,26,7,30,0,0,21,0.029,2.5,100,21,1020,N/A
2015,12,26,8,30,0,0,21,0.029,2.5,100,21,1020,N/A
2015,12,26,9,30,0,0,20,0.029,2.6,100,20,1020,N/A
2015,12,26,10,30,0,0,20,0.029,2.7,100,20,1020,N/A
2015,12,26,11,30,0,0,20,0.029,2.9000000000000004,100,20,1020,N/A
2015,12,26,12,30,11,153,21,0.029,3.4000000000000004,100,21,1020,N/A
2015,12,26,13,30,45,631,21,0.029,3.9000000000000004,96.54,22,1020,N/A
2015,12,26,14,30,60,795,21,0.029,4,88.25,24,1020,N/A
2015,12,26,15,30,82,830,21,0.029,4,82.82000000000001,25,1020,N/A
2015,12,26,16,30,87,869,21,0.029,3.9000000000000004,81.5,26,1020,N/A
2015,12,26,17,30,268,369,21,0.029,3.6,75.87,26,1020,N/A
2015,12,26,18,30,239,425,21,0.029,3.3000000000000003,75.39,26,1020,N/A
2015,12,26,19,30,207,379,21,0.029,3,75.28,26,1010,N/A
2015,12,26,20,30,149,334,21,0.029,2.4000000000000004,75.35000000000001,26,1010,N/A
2015,12,26,21,30,84,198,21,0.029,1.6,81.14,25,1010,N/A
2015,12,26,22,30,11,0,21,0.029,1.4000000000000001,86.72,24,1020,N/A
2015,12,26,23,30,0,0,21,0.029,1.9000000000000001,91.84,23,1020,N/A
2015,12,27,0,30,0,0,21,0.029,2.6,93.77,23,1020,N/A
2015,12,27,1,30,0,0,22,0.029,3.2,95.5,23,1020,N/A
2015,12,27,2,30,0,0,22,0.029,3.5,96.57000000000001,23,1020,N/A
2015,12,27,3,30,0,0,22,0.029,3.5,100,22,1020,N/A
2015,12,27,4,30,0,0,22,0.029,3.4000000000000004,100,22,1020,N/A
2015,12,27,5,30,0,0,22,0.029,3.2,100,22,1020,N/A
2015,12,27,6,30,0,0,21,0.029,3.1,100,21,1010,N/A
2015,12,27,7,30,0,0,21,0.029,3.1,100,21,1010,N/A
2015,12,27,8,30,0,0,21,0.029,3.2,100,21,1010,N/A
2015,12,27,9,30,0,0,21,0.029,3.3000000000000003,100,21,1010,N/A
2015,12,27,10,30,0,0,21,0.029,3.4000000000000004,100,21,1010,N/A
2015,12,27,11,30,0,0,20,0.029,3.5,99.92,21,1010,N/A
2015,12,27,12,30,11,48,20,0.029,3.8000000000000003,99.19,21,1010,N/A
2015,12,27,13,30,58,512,21,0.029,4.2,100,22,1010,N/A
2015,12,27,14,30,139,386,21,0.029,4.6000000000000005,90.47,23,1010,N/A
2015,12,27,15,30,86,802,21,0.029,4.800000000000001,86.17,25,1010,N/A
2015,12,27,16,30,258,343,21,0.029,4.800000000000001,81.55,26,1010,N/A
2015,12,27,17,30,276,339,21,0.029,4.6000000000000005,77.06,26,1010,N/A
2015,12,27,18,30,279,240,21,0.029,4.3,72.64,27,1010,N/A
2015,12,27,19,30,217,333,21,0.029,3.8000000000000003,72.23,27,1010,N/A
2015,12,27,20,30,157,281,21,0.029,3.1,76.17,26,1010,N/A
2015,12,27,21,30,55,552,21,0.029,2.3000000000000003,80.99,25,1010,N/A
2015,12,27,22,30,13,101,21,0.029,1.9000000000000001,85.18,24,1010,N/A
2015,12,27,23,30,0,0,21,0.029,2.2,88.62,24,1010,N/A
2015,12,28,0,30,0,0,20,0.029,2.6,88.10000000000001,23,1010,N/A
2015,12,28,1,30,0,0,20,0.029,2.8000000000000003,87.91,23,1010,N/A
2015,12,28,2,30,0,0,20,0.029,3,93.46000000000001,22,1010,N/A
2015,12,28,3,30,0,0,20,0.029,3.4000000000000004,93.75,22,1010,N/A
2015,12,28,4,30,0,0,21,0.029,3.6,100,22,1010,N/A
2015,12,28,5,30,0,0,21,0.029,3.6,100,21,1010,N/A
2015,12,28,6,30,0,0,21,0.029,3.4000000000000004,100,21,1010,N/A
2015,12,28,7,30,0,0,21,0.029,3,100,21,1010,N/A
2015,12,28,8,30,0,0,21,0.029,2.9000000000000004,100,21,1010,N/A
2015,12,28,9,30,0,0,21,0.029,2.9000000000000004,100,21,1010,N/A
2015,12,28,10,30,0,0,21,0.029,3,100,21,1010,N/A
2015,12,28,11,30,0,0,21,0.029,3.2,100,21,1010,N/A
2015,12,28,12,30,11,86,21,0.029,3.6,100,21,1010,N/A
2015,12,28,13,30,51,571,21,0.029,4.2,93.08,23,1010,N/A
2015,12,28,14,30,69,751,22,0.029,4.4,88.64,24,1010,N/A
2015,12,28,15,30,85,815,21,0.029,4.5,83.10000000000001,25,1010,N/A
2015,12,28,16,30,282,199,21,0.029,4.4,77.5,26,1010,N/A
2015,12,28,17,30,275,346,21,0.029,4.3,76.97,26,1010,N/A
2015,12,28,18,30,93,849,21,0.029,4,76.68,26,1010,N/A
2015,12,28,19,30,86,812,21,0.029,3.7,76.65,26,1010,N/A
2015,12,28,20,30,74,734,21,0.029,3.2,81.36,26,1010,N/A
2015,12,28,21,30,55,564,21,0.029,2.3000000000000003,86.82000000000001,25,1010,N/A
2015,12,28,22,30,15,116,21,0.029,1.7000000000000002,93.28,23,1010,N/A
2015,12,28,23,30,0,0,21,0.029,1.6,93.04,23,1010,N/A
2015,12,29,0,30,0,0,21,0.029,1.6,99.65,23,1010,N/A
2015,12,29,1,30,0,0,22,0.029,1.6,100,22,1010,N/A
2015,12,29,2,30,0,0,22,0.029,1.7000000000000002,100,22,1010,N/A
2015,12,29,3,30,0,0,22,0.029,1.8,100,22,1010,N/A
2015,12,29,4,30,0,0,22,0.029,1.9000000000000001,100,22,1010,N/A
2015,12,29,5,30,0,0,21,0.029,2.1,100,21,1010,N/A
2015,12,29,6,30,0,0,21,0.029,2.2,100,21,1010,N/A
2015,12,29,7,30,0,0,21,0.029,2.3000000000000003,100,21,1010,N/A
2015,12,29,8,30,0,0,21,0.029,2.5,100,21,1010,N/A
2015,12,29,9,30,0,0,21,0.029,2.7,100,21,1010,N/A
2015,12,29,10,30,0,0,21,0.029,2.8000000000000003,100,21,1010,N/A
2015,12,29,11,30,0,0,21,0.029,3,100,21,1010,N/A
2015,12,29,12,30,11,61,21,0.029,3.5,100,21,1020,N/A
2015,12,29,13,30,53,541,22,0.029,4,95.07000000000001,23,1020,N/A
2015,12,29,14,30,124,466,22,0.029,4.1000000000000005,91.92,24,1020,N/A
2015,12,29,15,30,85,801,22,0.029,3.9000000000000004,87.07000000000001,25,1020,N/A
2015,12,29,16,30,91,843,22,0.029,3.5,81.37,26,1020,N/A
2015,12,29,17,30,275,345,22,0.029,3.2,80.74,26,1010,N/A
2015,12,29,18,30,237,441,22,0.029,2.8000000000000003,80.31,26,1010,N/A
2015,12,29,19,30,186,480,22,0.029,2.3000000000000003,80.03,26,1010,N/A
2015,12,29,20,30,170,119,22,0.029,1.7000000000000002,79.98,26,1010,N/A
2015,12,29,21,30,88,182,22,0.029,1.1,86.21000000000001,25,1010,N/A
2015,12,29,22,30,15,78,22,0.029,0.7000000000000001,92.79,24,1010,N/A
2015,12,29,23,30,0,0,22,0.029,0.6000000000000001,91.13,24,1020,N/A
2015,12,30,0,30,0,0,22,0.029,0.5,90.98,24,1020,N/A
2015,12,30,1,30,0,0,22,0.029,0.5,96.35000000000001,23,1020,N/A
2015,12,30,2,30,0,0,22,0.029,0.7000000000000001,95.99000000000001,23,1020,N/A
2015,12,30,3,30,0,0,22,0.029,0.9,100,22,1020,N/A
2015,12,30,4,30,0,0,22,0.029,1.1,100,22,1020,N/A
2015,12,30,5,30,0,0,21,0.029,1.3,99.75,22,1020,N/A
2015,12,30,6,30,0,0,21,0.029,1.6,100,21,1020,N/A
2015,12,30,7,30,0,0,21,0.029,1.7000000000000002,100,21,1020,N/A
2015,12,30,8,30,0,0,21,0.029,1.7000000000000002,100,21,1020,N/A
2015,12,30,9,30,0,0,21,0.029,1.8,100,21,1020,N/A
2015,12,30,10,30,0,0,21,0.029,1.9000000000000001,100,21,1020,N/A
2015,12,30,11,30,0,0,21,0.029,2.1,100,21,1020,N/A
2015,12,30,12,30,10,106,21,0.029,2.6,100,21,1020,N/A
2015,12,30,13,30,46,600,22,0.029,3.1,94.43,23,1020,N/A
2015,12,30,14,30,62,774,22,0.029,3,89.67,24,1020,N/A
2015,12,30,15,30,73,849,22,0.029,2.9000000000000004,83.62,25,1020,N/A
2015,12,30,16,30,77,889,21,0.029,2.7,77.61,26,1020,N/A
2015,12,30,17,30,272,360,21,0.029,2.5,76.54,27,1020,N/A
2015,12,30,18,30,250,393,21,0.029,2.4000000000000004,71.45,27,1020,N/A
2015,12,30,19,30,80,833,21,0.029,2.2,75.46000000000001,26,1020,N/A
2015,12,30,20,30,155,321,21,0.029,1.7000000000000002,75.59,26,1020,N/A
2015,12,30,21,30,55,569,21,0.029,1.1,81.86,25,1020,N/A
2015,12,30,22,30,16,130,22,0.029,0.8,89.75,24,1020,N/A
2015,12,30,23,30,0,0,22,0.029,0.9,95.01,23,1020,N/A
2015,12,31,0,30,0,0,22,0.029,0.8,95.94,23,1020,N/A
2015,12,31,1,30,0,0,22,0.029,0.8,100,23,1020,N/A
2015,12,31,2,30,0,0,22,0.029,0.8,100,22,1020,N/A
2015,12,31,3,30,0,0,22,0.029,0.9,100,22,1020,N/A
2015,12,31,4,30,0,0,22,0.029,0.8,100,22,1020,N/A
2015,12,31,5,30,0,0,22,0.029,0.7000000000000001,100,22,1020,N/A
2015,12,31,6,30,0,0,22,0.029,0.9,100,22,1020,N/A
2015,12,31,7,30,0,0,22,0.029,1,100,22,1020,N/A
2015,12,31,8,30,0,0,22,0.029,1.1,100,22,1020,N/A
2015,12,31,9,30,0,0,21,0.029,1.2000000000000002,100,21,1020,N/A
2015,12,31,10,30,0,0,21,0.029,1.6,100,21,1020,N/A
2015,12,31,11,30,0,0,21,0.029,2.1,100,21,1020,N/A
2015,12,31,12,30,0,0,21,0.029,2.8000000000000003,100,22,1020,N/A
2015,12,31,13,30,69,348,22,0.029,2.9000000000000004,100,23,1020,N/A
2015,12,31,14,30,164,122,22,0.029,2.8000000000000003,93.32000000000001,24,1020,N/A
2015,12,31,15,30,219,305,22,0.029,2.9000000000000004,86.42,25,1020,N/A
2015,12,31,16,30,256,358,22,0.029,2.9000000000000004,79.79,26,1020,N/A
2015,12,31,17,30,292,270,22,0.029,2.8000000000000003,78.88,26,1020,N/A
2015,12,31,18,30,286,199,21,0.029,2.6,78.4,26,1010,N/A
2015,12,31,19,30,234,252,21,0.029,2.4000000000000004,78.29,26,1010,N/A
2015,12,31,20,30,164,261,21,0.029,2,82.9,25,1010,N/A
2015,12,31,21,30,60,542,21,0.029,1.4000000000000001,87.84,24,1010,N/A
2015,12,31,22,30,21,0,22,0.029,0.9,94.96000000000001,23,1010,N/A
2015,12,31,23,30,0,0,22,0.029,0.8,94.14,23,1010,N/A
